25 28 23 5 6 9 18 0 19 15 8 4 11 31 0 21 12 29 10 3 2 27 0 16 26 17 13 24 20 14 0 30 1 22 7 	1775.0	2402.0	2146	1177
11 29 9 19 17 1 0 10 25 20 24 26 30 31 8 0 16 13 21 15 22 27 0 0 12 28 5 18 6 7 4 23 0 2 3 	1741.0	2337.0	2018	121
29 3 6 8 9 14 30 10 5 24 0 15 22 11 16 12 17 0 31 27 2 4 23 0 19 7 20 18 28 21 13 0 1 0 26 	1721.0	2229.0	1937	121
11 29 9 19 17 1 0 10 25 20 24 26 30 31 8 0 16 13 21 28 12 0 0 27 22 15 5 18 6 7 0 4 14 2 3 	1667.0	2121.0	1857	110
11 29 9 19 17 1 0 10 25 20 24 26 30 31 0 16 12 13 21 14 5 0 27 0 22 15 8 28 2 6 4 18 0 7 3 	1525.0	2072.0	1795	108
29 3 6 8 9 14 30 10 5 24 0 15 22 11 21 13 17 31 0 27 2 4 23 19 0 25 20 18 28 7 12 0 1 16 0 	1505.0	2203.0	1774	149
11 28 23 19 17 1 0 10 25 20 24 26 30 31 0 16 12 13 21 3 2 0 27 0 22 15 8 5 9 14 4 18 0 7 6 	1489.0	2178.0	1730	158
11 28 23 19 17 1 0 10 25 20 24 26 30 31 0 16 12 13 21 3 2 0 27 0 22 15 8 5 9 14 4 18 0 7 6 	1489.0	2142.0	1649	145
11 28 23 19 17 1 0 10 25 20 24 26 30 31 0 16 12 13 21 3 2 0 0 27 22 15 8 5 9 14 4 18 0 7 6 	1437.0	1867.0	1574	92
11 28 23 19 17 1 0 10 25 20 24 12 30 0 27 14 3 4 29 16 21 31 0 26 5 0 13 18 6 7 2 9 22 8 	1426.0	2106.0	1592	148
11 28 23 19 17 1 0 10 25 20 24 26 30 31 0 16 12 13 21 3 2 0 0 27 22 5 8 18 9 6 7 0 4 15 14 	1408.0	2142.0	1592	179
11 28 23 19 17 1 0 10 25 20 24 26 30 31 0 16 12 13 21 3 2 0 0 27 22 5 8 18 9 6 7 0 4 15 14 	1408.0	1977.0	1496	106
11 28 23 19 17 1 0 10 25 20 24 26 30 31 0 16 12 13 21 3 2 0 0 27 22 15 8 5 6 7 0 4 9 18 14 	1385.0	1800.0	1486	101
11 28 23 19 17 1 0 10 25 20 24 26 30 31 0 16 12 13 21 3 2 0 0 27 22 15 8 18 9 6 7 0 4 5 14 	1363.0	1724.0	1437	65
11 28 23 19 17 1 0 10 25 20 24 26 30 31 0 16 12 13 21 3 2 0 0 27 22 15 8 18 9 6 7 0 4 5 14 	1363.0	1749.0	1430	68
11 28 23 19 17 1 0 10 25 20 24 26 30 31 0 16 12 21 13 3 2 0 0 27 22 15 8 18 9 6 7 0 4 5 14 	1360.0	1738.0	1414	75
11 28 23 19 17 1 0 10 25 20 24 26 30 31 0 16 12 21 13 3 2 0 0 27 22 15 8 18 9 6 7 0 4 5 14 	1360.0	1594.0	1387	41
11 28 23 19 17 1 0 10 25 20 24 26 30 31 0 16 12 13 21 3 2 0 0 27 15 22 8 18 9 6 7 0 4 5 14 	1337.0	1655.0	1385	63
11 28 23 19 17 1 0 10 25 20 24 26 30 31 0 16 12 13 21 3 2 0 0 27 15 22 8 18 9 6 7 0 4 5 14 	1337.0	1566.0	1366	32
11 28 23 19 17 1 0 21 13 12 16 31 30 26 0 24 20 25 10 3 2 0 0 27 15 22 8 18 9 6 7 0 4 5 14 	1335.0	1727.0	1375	64
11 28 23 19 17 1 0 10 25 20 24 26 30 31 0 16 12 21 13 3 2 0 0 27 15 22 8 18 9 6 7 0 4 5 14 	1335.0	1668.0	1360	51
11 28 23 19 17 1 0 10 25 20 24 26 30 31 0 16 12 21 13 3 2 0 0 27 15 22 8 18 9 6 7 0 4 5 14 	1335.0	1663.0	1366	69
11 9 18 8 22 15 27 0 0 2 3 13 21 12 16 0 31 30 26 24 20 25 10 0 1 17 19 23 28 6 0 7 4 5 14 	1331.0	1618.0	1356	58
11 28 23 19 17 1 0 10 25 20 24 26 30 31 0 16 12 21 13 3 2 0 0 27 15 22 8 18 9 5 4 0 7 6 14 	1320.0	1709.0	1364	79
11 28 23 19 17 1 0 10 25 20 24 26 30 31 0 16 12 21 13 3 2 0 0 27 15 22 8 18 9 5 4 0 7 6 14 	1320.0	1766.0	1349	58
11 28 23 19 17 1 0 10 25 20 24 26 30 31 0 16 12 21 13 3 2 0 0 27 15 22 9 18 8 6 7 0 4 5 14 	1306.0	1754.0	1347	67
11 28 23 19 17 1 0 10 25 20 24 26 30 31 0 16 12 21 13 3 2 0 0 27 15 22 8 18 9 4 5 0 7 6 14 	1254.0	1669.0	1361	90
11 28 23 19 17 1 0 10 25 20 24 26 30 31 0 16 12 21 13 3 2 0 0 27 15 22 8 18 9 4 5 0 7 6 14 	1254.0	1666.0	1335	66
11 28 23 19 17 1 0 10 25 20 24 26 30 31 0 16 12 21 13 3 2 0 0 27 15 22 9 18 8 4 5 0 7 6 14 	1221.0	1594.0	1335	73
11 28 23 19 17 1 0 10 25 20 24 26 30 31 0 16 12 21 13 3 2 0 0 27 15 22 9 18 8 4 5 0 7 6 14 	1221.0	1528.0	1290	57
11 28 23 19 17 1 0 10 25 20 24 26 30 31 0 16 12 21 13 3 2 0 0 27 15 22 9 18 8 4 5 0 7 6 14 	1221.0	1446.0	1258	41
11 28 23 19 17 1 0 10 25 20 24 26 30 16 0 31 12 21 13 3 2 0 0 27 15 22 9 18 8 4 5 0 7 6 14 	1211.0	1594.0	1249	66
11 28 23 19 17 1 0 10 25 20 24 26 30 16 0 31 12 21 13 3 2 0 0 27 15 22 9 18 8 4 5 0 7 6 14 	1211.0	1699.0	1245	80
11 28 23 19 17 1 0 10 25 20 24 26 30 16 0 31 12 21 13 3 2 0 0 27 15 22 9 18 8 4 5 0 7 6 14 	1211.0	1427.0	1225	34
11 28 23 19 17 1 0 10 25 20 24 26 30 16 0 31 12 21 13 3 2 0 0 27 15 22 9 18 8 4 5 0 7 6 14 	1211.0	1655.0	1229	71
11 28 23 19 17 1 0 10 25 20 24 26 30 16 0 31 12 21 13 3 2 0 0 27 15 22 9 18 8 4 5 0 7 6 14 	1211.0	1575.0	1225	54
11 28 23 19 17 1 0 13 21 12 31 16 30 26 0 24 20 25 10 3 2 0 0 27 15 22 9 18 8 4 5 0 7 6 14 	1206.0	1651.0	1223	53
11 28 23 19 17 1 0 13 21 12 31 16 30 26 0 24 20 25 10 3 2 0 0 27 15 22 9 18 8 4 5 0 7 6 14 	1206.0	1572.0	1226	52
11 28 23 19 17 1 0 13 21 12 31 16 30 26 0 24 20 25 10 3 2 0 0 27 15 22 9 18 8 4 5 0 7 6 14 	1206.0	1645.0	1230	65
11 28 23 19 17 1 0 13 21 12 31 16 30 26 0 24 20 25 10 3 2 0 0 27 15 22 9 18 8 4 5 0 7 6 14 	1206.0	1543.0	1248	72
11 28 23 19 17 1 0 13 21 12 31 16 30 26 0 24 20 25 10 3 2 0 0 27 15 22 9 18 8 4 5 0 7 6 14 	1206.0	1364.0	1217	33
11 28 23 19 17 1 0 13 21 12 31 16 30 26 0 24 20 25 10 3 2 0 0 27 15 22 9 18 8 4 5 0 7 6 14 	1206.0	1629.0	1233	83
11 28 23 19 17 1 0 13 21 12 31 16 30 26 0 24 20 25 10 3 2 0 0 27 15 22 9 18 8 4 5 0 7 6 14 	1206.0	1438.0	1210	26
11 28 23 19 17 1 0 13 21 12 31 16 30 26 0 24 20 25 10 3 2 0 0 27 15 22 9 18 8 4 5 0 7 6 14 	1206.0	1602.0	1219	57
11 28 23 19 17 1 0 13 21 12 31 16 30 26 0 24 20 25 10 3 2 0 0 27 15 22 9 18 8 4 5 0 7 6 14 	1206.0	1525.0	1221	59
11 28 23 19 17 1 0 13 21 12 31 16 30 26 0 24 20 25 10 3 2 0 0 27 15 22 9 18 8 4 5 0 7 6 14 	1206.0	1675.0	1222	71
11 28 23 19 17 1 0 13 21 12 31 16 30 26 0 24 2 3 10 25 20 0 0 27 15 22 9 18 8 4 5 0 7 6 14 	1189.0	1641.0	1216	51
11 28 23 19 17 1 0 13 21 12 31 16 30 26 0 24 2 3 10 25 20 0 0 27 15 22 9 18 8 4 5 0 7 6 14 	1189.0	1424.0	1216	41
11 28 23 19 17 1 0 16 21 12 31 13 30 26 0 24 2 3 10 25 20 0 0 27 15 22 9 18 8 4 5 0 7 6 14 	1188.0	1617.0	1227	70
11 28 23 19 17 1 0 16 21 12 31 13 30 26 0 24 2 3 10 25 20 0 0 27 15 22 9 18 8 4 5 0 7 6 14 	1188.0	1636.0	1220	86
11 28 23 19 17 1 0 12 21 13 31 16 30 26 0 24 2 3 10 25 20 0 0 27 15 22 9 18 8 4 5 0 7 6 14 	1145.0	1409.0	1199	41
11 28 23 19 17 1 0 12 21 13 31 16 30 26 0 24 2 3 10 25 20 0 0 27 15 22 9 18 8 4 5 0 7 6 14 	1145.0	1539.0	1216	90
11 28 23 19 17 1 0 12 21 13 31 16 30 26 0 24 2 3 10 25 20 0 0 27 15 22 9 18 8 4 5 0 7 6 14 	1145.0	1362.0	1180	32
11 28 23 19 17 1 0 12 21 13 31 16 30 26 0 24 2 3 10 25 20 0 0 27 15 22 9 18 8 4 5 0 7 6 14 	1145.0	1747.0	1180	96
11 28 23 19 17 1 0 12 21 13 31 16 30 26 0 24 2 3 10 25 20 0 0 27 15 22 9 18 8 4 5 0 7 6 14 	1145.0	1660.0	1167	82
11 28 23 19 17 1 0 12 21 13 31 16 30 26 0 24 2 3 10 25 20 0 0 27 15 22 9 18 8 4 5 0 7 6 14 	1145.0	1516.0	1163	61
11 28 23 19 17 1 0 12 21 13 31 16 26 30 0 24 2 3 10 25 20 0 0 27 15 22 9 18 8 4 5 0 7 6 14 	1139.0	1616.0	1168	88
11 28 23 19 17 1 0 12 21 13 31 16 26 30 0 24 2 3 10 25 20 0 0 27 15 22 9 18 8 4 5 0 7 6 14 	1139.0	1441.0	1157	49
11 28 23 19 17 1 0 12 21 13 31 16 26 30 0 24 2 3 10 25 20 0 0 27 15 22 9 18 8 4 5 0 7 6 14 	1139.0	1499.0	1155	48
11 28 23 19 17 1 0 12 21 13 31 16 26 30 0 24 2 3 10 25 20 0 0 27 15 22 9 18 8 4 5 0 7 6 14 	1139.0	1550.0	1153	50
11 28 23 19 17 1 0 12 21 13 31 16 26 30 0 24 2 3 10 25 20 0 0 27 15 22 9 18 8 4 5 0 7 6 14 	1139.0	1549.0	1167	80
11 28 23 19 17 1 0 12 21 13 31 16 26 30 0 24 2 3 10 25 20 0 0 27 15 22 9 18 8 4 5 0 7 6 14 	1139.0	1714.0	1160	83
11 28 23 19 17 1 0 12 21 13 31 16 26 30 0 24 2 3 10 25 20 0 0 27 15 22 9 18 8 4 5 0 7 6 14 	1139.0	1438.0	1151	42
11 28 23 19 17 1 0 12 21 13 31 16 26 30 0 24 2 3 10 25 20 0 0 27 15 22 9 18 8 4 5 0 7 6 14 	1139.0	1497.0	1158	60
11 28 23 19 17 1 0 12 21 13 31 16 26 30 0 24 2 3 10 25 20 0 0 27 15 22 9 18 8 4 5 0 7 6 14 	1139.0	1589.0	1155	62
11 28 23 19 17 1 0 12 21 13 31 16 26 30 0 24 2 3 10 25 20 0 0 27 15 22 9 18 8 4 5 0 7 6 14 	1139.0	1682.0	1165	95
11 28 23 19 17 1 0 12 21 13 31 16 26 30 0 24 2 3 10 25 20 0 0 27 15 22 9 18 8 4 5 0 7 6 14 	1139.0	1415.0	1152	46
11 28 23 19 17 1 0 12 21 13 31 16 26 30 0 24 2 3 10 25 20 0 0 27 15 22 9 18 8 4 5 0 7 6 14 	1139.0	1583.0	1160	70
11 28 23 19 17 1 0 12 21 13 31 16 26 30 0 24 2 3 10 25 20 0 0 27 15 22 9 18 8 4 5 0 7 6 14 	1139.0	1406.0	1150	42
11 28 23 17 19 1 0 12 21 13 31 16 26 30 0 24 2 3 10 25 20 0 0 27 15 22 9 18 8 4 5 0 7 6 14 	1136.0	1445.0	1161	61
11 28 23 17 19 1 0 12 21 13 31 16 26 30 0 24 2 3 10 25 20 0 0 27 15 22 9 18 8 4 5 0 7 6 14 	1136.0	1519.0	1153	56
11 28 23 17 19 1 0 12 21 13 31 16 26 30 0 24 2 3 10 25 20 0 0 27 15 22 9 18 8 4 5 0 7 6 14 	1136.0	1579.0	1162	72
11 28 23 17 19 1 0 12 21 13 31 16 26 30 0 24 2 3 10 25 20 0 0 27 15 22 9 18 8 4 5 0 7 6 14 	1136.0	1579.0	1162	84
11 28 23 17 19 1 0 12 21 13 31 16 26 30 0 24 2 3 10 25 20 0 0 27 15 22 9 18 8 4 5 0 7 6 14 	1136.0	1416.0	1155	51
11 28 23 17 19 1 0 12 21 13 31 16 26 30 0 24 2 3 10 25 20 0 0 27 15 22 9 18 8 4 5 0 7 6 14 	1136.0	1465.0	1149	52
11 28 23 17 19 1 0 12 21 13 31 16 26 30 0 24 2 3 10 25 20 0 0 27 15 22 9 18 8 4 5 0 7 6 14 	1136.0	1629.0	1164	82
11 28 23 17 19 21 0 12 1 13 31 16 26 30 0 24 2 3 10 25 20 0 0 27 15 22 9 18 8 4 5 0 7 6 14 	1111.0	1447.0	1161	64
11 28 23 17 19 21 0 12 1 13 31 16 26 30 0 24 2 3 10 25 20 0 0 27 15 22 9 18 8 4 5 0 7 6 14 	1111.0	1278.0	1138	18
11 28 23 17 19 21 0 12 1 13 31 16 26 30 0 24 2 3 10 25 20 0 0 27 15 22 9 18 8 4 5 0 7 6 14 	1111.0	1623.0	1159	86
11 28 23 17 19 21 0 12 1 13 31 16 26 30 0 24 2 3 10 25 20 0 0 27 15 22 9 18 8 4 5 0 7 6 14 	1111.0	1508.0	1155	84
11 28 23 17 19 21 0 12 1 13 31 16 26 30 0 24 2 3 10 25 20 0 0 27 15 22 9 18 8 4 5 0 7 6 14 	1111.0	1570.0	1130	58
11 28 23 17 19 21 0 12 1 13 31 16 26 30 0 24 2 3 10 25 20 0 0 27 15 22 9 18 8 4 5 0 7 6 14 	1111.0	1570.0	1138	90
11 28 23 17 19 21 0 12 1 13 31 16 26 30 0 24 2 3 10 25 20 0 0 27 15 22 9 18 8 4 5 0 7 6 14 	1111.0	1434.0	1124	52
11 28 23 17 19 21 0 12 1 13 31 16 26 30 0 24 2 3 10 25 20 0 0 27 15 22 9 18 8 4 5 0 7 6 14 	1111.0	1387.0	1118	33
11 28 23 17 19 21 0 12 1 13 31 16 26 30 0 24 2 3 10 25 20 0 0 27 15 22 9 18 8 4 5 0 7 6 14 	1111.0	1542.0	1137	69
11 28 23 17 19 21 0 12 1 13 31 16 26 30 0 24 2 3 10 25 20 0 0 27 15 22 9 18 8 4 5 0 7 6 14 	1111.0	1560.0	1146	101
11 28 23 17 19 21 0 12 1 13 31 16 26 30 0 24 2 3 10 25 20 0 0 27 15 22 9 18 8 4 5 0 7 6 14 	1111.0	1405.0	1124	50
11 28 23 17 19 21 0 12 1 13 31 16 26 30 0 24 2 3 10 25 20 0 0 27 15 22 9 18 8 4 5 0 7 6 14 	1111.0	1556.0	1135	84
11 28 23 17 19 21 0 12 1 13 31 16 26 30 0 24 2 3 10 25 20 0 0 27 15 22 9 18 8 4 5 0 7 6 14 	1111.0	1392.0	1133	60
11 28 23 17 19 21 0 12 1 13 31 16 26 30 0 24 2 3 10 25 20 0 0 27 15 22 9 18 8 4 5 0 7 6 14 	1111.0	1674.0	1165	130
11 28 23 3 2 24 0 30 26 16 31 13 1 12 0 21 19 17 10 25 20 0 0 27 15 22 9 18 8 4 5 0 7 6 14 	1101.0	1636.0	1139	91
11 28 23 13 1 12 0 21 19 17 31 16 26 30 0 24 2 3 10 25 20 0 0 27 15 22 9 18 8 4 5 0 7 6 14 	1090.0	1674.0	1155	120
11 28 23 13 1 12 0 21 19 17 31 16 26 30 0 24 2 3 10 25 20 0 0 27 15 22 9 18 8 4 5 0 7 6 14 	1090.0	1544.0	1129	75
11 28 23 13 1 12 0 21 19 17 31 16 26 30 0 24 2 3 10 25 20 0 0 27 15 22 9 18 8 4 5 0 7 6 14 	1090.0	1455.0	1123	72
11 28 23 13 1 12 0 21 19 17 31 16 26 30 0 24 2 3 10 25 20 0 0 27 15 22 9 18 8 4 5 0 7 6 14 	1090.0	1473.0	1124	70
11 28 23 13 1 12 0 21 19 17 31 16 26 30 0 24 2 3 10 25 20 0 0 27 15 22 9 18 8 4 5 0 7 6 14 	1090.0	1517.0	1113	70
11 28 23 13 1 12 0 21 19 17 31 16 26 30 0 24 2 3 10 25 20 0 0 27 15 22 9 18 8 4 5 0 7 6 14 	1090.0	1469.0	1110	68
11 28 23 13 1 12 0 21 19 17 31 16 26 30 0 24 2 3 10 25 20 0 0 27 15 22 9 18 8 4 5 0 7 6 14 	1090.0	1606.0	1121	97
11 28 23 13 1 12 0 21 19 17 31 16 26 30 0 24 2 3 10 25 20 0 0 27 15 22 9 18 8 4 5 0 7 6 14 	1090.0	1657.0	1107	75
11 28 23 13 1 12 0 21 19 17 31 16 26 30 0 24 2 3 10 25 20 0 0 27 15 22 9 18 8 4 5 0 7 6 14 	1090.0	1541.0	1126	89
11 28 23 13 1 12 0 21 19 17 31 16 26 30 0 24 2 3 10 25 20 0 0 27 15 22 9 18 8 4 5 0 7 6 14 	1090.0	1339.0	1112	60
