14 8 2 23 12 16 6 0 25 19 31 11 5 29 20 0 7 13 15 18 22 4 27 26 0 10 24 1 21 9 28 3 0 17 30 	1733.0	2440.0	2112	1073
14 8 2 23 12 16 6 0 25 19 31 11 5 29 20 0 7 13 15 18 22 4 27 26 0 10 24 1 21 9 28 3 0 17 30 	1733.0	2260.0	1990	114
20 14 7 15 25 10 16 0 28 9 11 4 1 31 0 0 27 18 22 23 13 2 26 8 30 0 21 19 17 6 24 0 12 3 5 	1580.0	2176.0	1924	126
20 14 7 15 25 10 16 0 28 9 11 4 1 31 0 0 27 18 22 23 13 12 26 8 30 0 21 19 17 6 24 0 2 3 5 	1518.0	2252.0	1851	138
20 14 7 15 25 10 16 0 28 9 11 4 1 31 0 0 27 18 22 23 13 12 26 8 30 0 21 19 17 6 24 0 2 3 5 	1518.0	2171.0	1767	142
20 14 7 15 25 10 16 0 28 9 11 4 1 31 0 0 27 18 22 23 13 12 26 8 30 0 21 19 17 6 24 0 2 3 5 	1518.0	2090.0	1700	125
20 14 7 15 25 10 16 0 28 9 11 4 1 31 0 0 27 18 22 8 26 12 13 23 30 0 21 19 17 6 24 0 2 3 5 	1475.0	2126.0	1645	114
16 7 20 15 25 10 14 0 28 9 11 4 1 31 0 0 27 18 22 23 13 8 26 12 30 0 21 19 17 6 24 0 2 3 5 	1435.0	1998.0	1564	94
16 7 10 15 25 0 1 18 28 9 22 4 11 31 0 0 27 14 20 23 13 12 26 0 24 6 17 19 21 0 30 8 2 3 5 	1361.0	2017.0	1519	88
16 7 10 15 25 0 1 18 28 9 22 4 11 31 0 0 27 14 20 23 13 12 26 0 24 6 17 19 21 0 30 8 2 3 5 	1361.0	1716.0	1478	68
16 7 10 15 25 20 14 0 28 9 11 4 3 2 0 24 6 17 19 21 0 30 12 13 23 26 8 22 18 27 0 0 31 1 5 	1337.0	1825.0	1445	72
16 7 10 15 25 20 14 0 28 9 11 4 3 2 0 24 6 17 19 21 0 30 12 13 23 26 8 22 18 27 0 0 31 1 5 	1337.0	1909.0	1438	98
16 7 10 15 25 20 14 0 28 9 11 4 1 31 0 6 17 19 21 30 0 24 26 12 13 8 22 18 27 0 0 23 2 3 5 	1323.0	1733.0	1429	93
16 7 10 15 25 20 14 0 28 9 11 4 3 2 0 24 6 17 19 21 0 30 12 13 23 26 8 22 18 27 0 0 31 1 5 	1337.0	1826.0	1417	105
16 7 10 15 25 0 1 18 28 9 22 4 11 31 0 0 27 14 20 23 13 12 26 0 24 6 17 19 21 0 30 3 2 8 5 	1328.0	1928.0	1442	146
16 7 10 15 25 0 1 18 28 9 22 4 11 31 0 0 27 14 20 23 13 12 26 0 24 6 17 19 21 0 30 3 2 8 5 	1328.0	1907.0	1424	133
16 7 10 15 25 0 1 18 28 9 22 4 11 31 0 0 27 14 20 23 13 12 26 0 24 6 17 19 21 0 30 3 2 8 5 	1328.0	1742.0	1384	106
16 7 10 15 25 0 1 18 28 9 22 4 11 31 0 0 27 14 20 23 13 12 26 0 24 6 17 19 21 0 30 3 2 8 5 	1328.0	1858.0	1358	86
16 7 10 15 25 20 14 0 28 9 11 4 3 2 0 24 6 17 19 21 0 30 12 13 23 5 1 31 0 0 27 18 22 8 26 	1325.0	1785.0	1383	99
16 7 10 15 25 20 14 0 28 9 11 4 3 2 0 24 6 17 19 21 0 30 12 13 23 5 1 31 0 0 27 18 22 8 26 	1325.0	1738.0	1377	92
16 7 10 15 25 20 14 0 28 9 11 4 3 2 0 24 6 17 19 21 0 30 12 13 23 5 8 22 18 27 0 0 31 1 26 	1257.0	1839.0	1369	98
16 7 10 15 25 20 14 0 28 9 11 4 3 2 0 24 6 17 19 21 0 30 12 13 23 5 8 22 18 27 0 0 31 1 26 	1257.0	1704.0	1373	108
16 7 10 15 25 20 14 0 28 9 11 4 3 2 0 24 6 17 19 21 0 30 12 13 23 5 8 22 18 27 0 0 31 1 26 	1257.0	1742.0	1335	79
16 7 10 15 25 20 14 0 28 9 11 4 3 2 0 24 6 17 19 21 0 30 12 13 23 5 8 22 18 27 0 0 31 1 26 	1257.0	1689.0	1321	95
16 7 10 15 25 20 0 27 18 22 8 5 23 13 12 30 0 21 19 17 6 24 0 2 3 4 11 9 28 14 0 0 31 1 26 	1231.0	1529.0	1290	65
16 7 10 15 25 20 14 0 28 9 11 4 3 2 0 24 6 21 19 17 31 0 0 27 18 22 8 5 23 13 12 30 0 1 26 	1197.0	1648.0	1283	77
16 7 10 15 25 20 14 0 28 9 11 4 3 2 0 24 6 17 19 21 31 0 0 27 18 22 8 5 23 13 12 30 0 1 26 	1198.0	1646.0	1296	91
16 7 23 13 12 30 0 21 19 17 6 24 0 2 3 4 11 9 28 14 0 20 25 15 10 5 8 22 18 27 0 0 31 1 26 	1137.0	1635.0	1272	78
16 7 23 13 12 30 0 21 19 17 6 24 0 2 3 4 11 9 28 14 0 20 25 15 10 5 8 22 18 27 0 0 31 1 26 	1137.0	1617.0	1281	91
16 7 23 13 12 30 0 21 19 17 6 24 0 2 3 4 11 9 28 14 0 20 25 15 10 5 8 22 18 27 0 0 31 1 26 	1137.0	1630.0	1255	86
16 7 23 13 12 30 0 21 19 17 6 24 0 2 3 4 11 9 28 14 0 20 25 15 10 5 8 22 18 27 0 0 31 1 26 	1137.0	1643.0	1265	127
16 7 23 13 12 30 0 21 19 17 6 24 0 2 3 4 11 9 28 14 0 20 25 15 10 5 8 22 18 27 0 0 31 1 26 	1137.0	1659.0	1247	111
16 7 23 13 12 30 0 21 19 17 6 24 0 2 3 4 11 9 28 14 0 20 25 15 10 5 8 22 18 27 0 0 31 1 26 	1137.0	1788.0	1268	153
16 7 23 13 12 30 0 21 19 17 6 24 0 2 3 4 11 9 28 14 0 20 25 15 10 5 8 22 18 27 0 0 31 1 26 	1137.0	1615.0	1202	120
16 7 23 13 12 30 0 21 19 17 6 24 0 2 3 4 11 9 28 14 0 20 25 15 10 5 8 22 18 27 0 0 31 1 26 	1137.0	1577.0	1170	98
16 7 17 19 21 0 30 12 13 23 6 24 0 2 3 4 11 9 28 14 0 20 25 15 10 5 8 22 18 27 0 0 31 1 26 	1106.0	1505.0	1152	62
16 7 17 19 21 0 30 12 13 23 6 24 0 2 3 4 11 9 28 14 0 20 25 15 10 5 8 22 18 27 0 0 31 1 26 	1106.0	1504.0	1164	83
16 7 17 19 21 31 0 0 27 18 22 8 5 10 15 25 20 0 14 28 9 11 4 3 2 0 24 6 23 13 12 30 0 1 26 	1047.0	1514.0	1155	72
16 7 17 19 21 31 0 12 13 23 6 24 0 2 3 4 11 9 28 14 0 20 25 15 10 5 8 22 18 27 0 0 30 1 26 	1045.0	1484.0	1150	79
16 7 17 19 21 31 0 12 13 23 6 24 0 2 3 4 11 9 28 14 0 20 25 15 10 5 8 22 18 27 0 0 30 1 26 	1045.0	1524.0	1170	115
16 7 17 19 21 31 0 12 13 23 6 24 0 2 3 4 11 9 28 14 0 20 25 15 10 5 8 22 18 27 0 0 30 1 26 	1045.0	1566.0	1173	142
16 7 17 19 21 31 0 12 13 23 6 24 0 2 3 4 11 9 28 14 0 20 25 15 10 5 8 22 18 27 0 0 30 1 26 	1045.0	1433.0	1129	104
16 7 17 19 21 31 0 12 13 23 6 24 0 2 3 4 11 9 28 14 0 20 25 5 10 15 8 22 18 27 0 0 30 1 26 	1010.0	1499.0	1108	123
16 7 17 19 21 31 0 12 13 23 6 24 0 2 3 4 11 9 28 14 0 20 25 5 10 15 8 22 18 27 0 0 30 1 26 	1010.0	1472.0	1074	88
16 7 17 19 21 31 0 12 13 23 6 24 0 2 3 4 11 9 28 14 0 20 25 5 10 15 8 22 18 27 0 0 30 1 26 	1010.0	1478.0	1066	90
16 7 17 19 21 31 0 12 13 23 6 24 0 2 3 4 11 9 28 14 0 20 25 5 10 15 8 22 18 27 0 0 30 1 26 	1010.0	1446.0	1044	83
16 7 17 19 21 31 0 12 13 23 6 24 0 2 3 4 11 9 28 14 0 20 25 5 10 15 8 22 18 27 0 0 30 1 26 	1010.0	1348.0	1033	65
16 7 17 19 21 31 0 12 13 23 6 24 0 2 3 4 11 9 28 14 0 20 25 5 10 15 8 22 18 27 0 0 30 1 26 	1010.0	1428.0	1050	95
16 7 17 19 21 31 0 12 13 23 6 24 0 2 3 4 11 9 28 14 0 20 25 5 10 15 8 22 18 27 0 0 30 1 26 	1010.0	1331.0	1036	75
16 7 17 19 21 31 0 12 13 23 6 24 0 2 3 4 11 9 28 14 0 20 25 5 10 15 8 22 18 27 0 0 30 1 26 	1010.0	1373.0	1020	48
16 7 17 19 21 31 0 12 13 23 6 24 0 2 3 4 11 9 28 14 0 20 25 5 10 15 8 22 18 27 0 0 30 1 26 	1010.0	1353.0	1032	72
16 7 17 19 21 31 0 12 13 23 6 24 0 2 3 4 11 9 28 14 0 20 25 5 10 15 8 22 18 27 0 0 30 1 26 	1010.0	1481.0	1044	101
16 7 17 19 21 31 0 12 13 23 6 24 0 2 3 4 11 9 28 14 0 20 25 5 10 15 8 22 18 27 0 0 30 1 26 	1010.0	1462.0	1021	54
16 7 17 19 21 31 0 12 13 23 6 24 0 2 3 4 11 9 28 14 0 20 25 5 10 15 8 22 18 27 0 0 30 1 26 	1010.0	1252.0	1025	49
16 7 17 19 21 31 0 12 13 23 6 24 0 2 3 4 11 9 28 14 0 20 25 5 10 15 8 22 18 27 0 0 30 1 26 	1010.0	1360.0	1031	75
16 7 17 19 21 31 0 12 13 23 6 24 0 2 3 4 11 9 28 14 0 20 25 5 10 15 8 22 18 27 0 0 30 1 26 	1010.0	1368.0	1033	62
16 7 17 19 21 31 0 12 13 23 6 24 0 2 3 4 11 9 28 14 0 20 25 5 10 15 8 22 18 27 0 0 30 1 26 	1010.0	1358.0	1028	68
16 7 17 19 21 31 0 12 13 23 6 24 0 2 3 4 11 9 28 14 0 20 25 5 10 15 8 22 18 27 0 0 30 1 26 	1010.0	1372.0	1035	72
16 7 17 19 21 31 0 12 13 23 6 24 0 2 3 4 11 9 28 14 0 20 25 5 10 15 8 22 18 27 0 0 30 1 26 	1010.0	1339.0	1023	54
16 7 17 19 21 31 0 12 13 23 6 24 0 2 3 4 11 9 28 14 0 20 25 5 10 15 8 22 18 27 0 0 30 1 26 	1010.0	1321.0	1023	54
16 7 17 19 21 31 0 12 13 23 6 24 0 2 3 4 11 9 28 14 0 20 25 5 10 15 8 22 18 27 0 0 30 1 26 	1010.0	1367.0	1036	77
16 7 17 19 21 31 0 12 13 23 6 24 0 2 3 4 11 9 28 14 0 20 25 5 10 15 8 22 18 27 0 0 30 1 26 	1010.0	1353.0	1017	37
16 7 17 19 21 31 0 12 13 23 6 24 0 2 3 4 11 9 28 14 0 20 25 5 10 15 8 22 18 27 0 0 30 1 26 	1010.0	1418.0	1026	61
16 31 21 19 17 7 0 12 13 23 6 24 0 2 3 4 11 9 28 14 0 20 25 5 10 15 8 22 18 27 0 0 30 1 26 	1009.0	1267.0	1023	50
16 31 21 19 17 7 0 12 13 23 6 24 0 2 3 4 11 9 28 14 0 20 25 5 10 15 8 22 18 27 0 0 30 1 26 	1009.0	1410.0	1023	60
16 31 21 19 17 7 0 12 13 23 6 24 0 2 3 4 11 9 28 14 0 20 25 5 10 15 22 8 18 27 0 0 30 1 26 	981.0	1349.0	1039	73
16 31 21 19 17 7 0 12 13 23 6 24 0 2 3 4 11 9 28 14 0 20 25 5 10 15 22 8 18 27 0 0 30 1 26 	981.0	1414.0	1046	101
16 31 17 19 21 7 0 12 13 23 6 24 0 2 3 4 11 9 28 14 0 20 25 5 10 15 22 8 18 27 0 0 30 1 26 	971.0	1312.0	1021	61
16 31 17 19 21 7 0 12 13 23 6 24 0 2 3 4 11 9 28 14 0 20 25 5 10 15 22 8 18 27 0 0 30 1 26 	971.0	1255.0	1008	65
16 31 17 19 21 7 0 12 13 23 6 24 0 2 3 4 11 9 28 14 0 20 25 5 10 15 22 8 18 27 0 0 30 1 26 	971.0	1334.0	1027	103
16 31 17 19 21 7 0 12 13 23 6 24 0 2 3 4 11 9 28 14 0 20 25 5 10 15 22 8 18 27 0 0 30 1 26 	971.0	1433.0	997	72
16 31 17 19 21 7 0 12 13 23 6 24 0 2 3 4 11 9 28 14 0 20 25 5 10 15 22 8 18 27 0 0 30 1 26 	971.0	1236.0	994	59
16 31 17 19 21 7 0 12 13 23 6 24 0 2 3 4 11 9 28 14 0 20 25 5 10 15 22 8 18 27 0 0 30 1 26 	971.0	1406.0	1008	95
16 31 17 19 21 7 0 12 13 23 6 24 0 2 3 4 11 9 28 14 0 20 25 5 10 15 22 8 18 27 0 0 30 1 26 	971.0	1342.0	992	68
16 31 17 19 21 7 0 12 13 23 6 24 0 2 3 4 11 9 28 14 0 20 25 5 10 15 22 8 18 27 0 0 30 1 26 	971.0	1340.0	987	62
16 19 17 31 21 7 0 12 13 23 6 24 0 2 3 4 11 9 28 14 0 20 25 5 10 15 22 8 18 27 0 0 30 1 26 	969.0	1384.0	992	74
16 19 17 31 21 7 0 12 13 23 6 24 0 2 3 4 11 9 28 14 0 20 25 5 10 15 22 8 18 27 0 0 30 1 26 	969.0	1264.0	986	57
16 19 17 31 21 7 0 12 13 23 6 24 0 2 3 4 11 9 28 14 0 20 25 5 10 15 22 8 18 27 0 0 30 1 26 	969.0	1314.0	990	65
16 19 17 31 21 7 0 12 13 23 6 24 0 2 3 4 11 9 28 14 0 20 25 5 10 15 22 8 18 27 0 0 30 1 26 	969.0	1389.0	986	67
16 19 17 31 21 7 0 12 13 23 6 24 0 2 3 4 11 9 28 14 0 20 25 5 10 15 22 8 18 27 0 0 30 1 26 	969.0	1415.0	1014	115
16 19 17 31 21 7 0 12 13 23 6 24 0 2 3 4 11 9 28 14 0 20 25 5 10 15 22 8 18 27 0 0 30 1 26 	969.0	1375.0	987	62
16 19 17 31 21 7 0 12 13 23 6 24 0 2 3 4 11 9 28 14 0 20 25 5 10 15 22 8 18 27 0 0 30 1 26 	969.0	1343.0	992	76
16 19 17 31 21 7 0 12 13 23 6 24 0 2 3 4 11 9 28 14 0 20 25 5 10 15 22 8 18 27 0 0 30 1 26 	969.0	1389.0	989	71
16 17 19 31 21 7 0 12 13 23 6 24 0 2 3 4 11 9 28 14 0 20 25 5 10 15 22 8 18 27 0 0 30 1 26 	968.0	1410.0	1000	91
16 17 19 31 21 7 0 12 13 23 6 24 0 2 3 4 11 9 28 14 0 20 25 5 10 15 22 8 18 27 0 0 30 1 26 	968.0	1386.0	998	85
16 17 19 31 21 7 0 12 13 23 6 24 0 2 3 4 11 9 28 14 0 20 25 5 10 15 22 8 18 27 0 0 30 1 26 	968.0	1375.0	989	72
16 17 19 31 21 7 0 12 13 23 6 24 0 2 3 4 11 9 28 14 0 20 25 5 10 15 22 8 18 27 0 0 30 1 26 	968.0	1422.0	1002	105
16 17 19 31 21 7 0 12 13 23 6 24 0 2 3 4 11 9 28 14 0 20 25 5 10 15 22 8 18 27 0 0 30 1 26 	968.0	1322.0	983	59
16 17 19 31 21 7 0 12 13 23 6 24 0 2 3 4 11 9 28 14 0 20 5 25 10 15 22 8 18 27 0 0 30 1 26 	937.0	1365.0	978	55
16 17 19 31 21 7 0 12 13 23 6 24 0 2 3 4 11 9 28 14 0 20 5 25 10 15 22 8 18 27 0 0 30 1 26 	937.0	1396.0	1000	95
16 17 19 31 21 7 0 12 13 23 6 24 0 2 3 4 11 9 28 14 0 20 5 25 10 15 22 8 18 27 0 0 30 1 26 	937.0	1392.0	1001	105
16 17 19 31 21 7 0 12 13 23 6 24 0 2 3 4 11 9 28 14 0 20 5 25 10 15 22 8 18 27 0 0 30 1 26 	937.0	1226.0	961	48
16 17 19 31 21 7 0 12 13 23 6 24 0 2 3 4 11 9 28 14 0 20 5 25 10 15 22 8 18 27 0 0 30 1 26 	937.0	1439.0	964	90
16 17 19 31 21 7 0 12 13 23 6 24 0 2 3 4 11 9 28 14 0 20 5 25 10 15 22 8 18 27 0 0 30 1 26 	937.0	1363.0	964	86
16 17 19 31 21 7 0 12 13 23 6 24 0 2 3 4 11 9 28 14 0 20 5 25 10 15 22 8 18 27 0 0 30 1 26 	937.0	1299.0	954	64
16 17 19 31 21 7 0 12 13 23 6 24 0 2 3 4 11 9 28 14 0 20 5 25 10 15 22 8 18 27 0 0 30 1 26 	937.0	1345.0	950	60
16 17 19 31 21 7 0 12 13 23 6 24 0 2 3 4 11 9 28 14 0 20 5 25 10 15 22 8 18 27 0 0 30 1 26 	937.0	1221.0	951	55
16 17 19 31 21 7 0 12 13 23 6 24 0 2 3 4 11 9 28 14 0 20 5 25 10 15 22 8 18 27 0 0 30 1 26 	937.0	1348.0	956	69
16 17 19 31 21 7 0 12 13 23 6 24 0 2 3 4 11 9 28 14 0 20 5 25 10 15 22 8 18 27 0 0 30 1 26 	937.0	1368.0	953	62
16 17 19 31 21 7 0 12 13 23 6 24 0 2 3 4 11 9 28 14 0 20 5 25 10 15 22 8 18 27 0 0 30 1 26 	937.0	1309.0	950	59
16 17 19 31 21 7 0 12 13 23 6 24 0 2 3 4 11 9 28 14 0 20 5 25 10 15 22 8 18 27 0 0 30 1 26 	937.0	1365.0	961	87
