39 8 7 21 31 22 9 28 0 30 24 34 14 43 26 0 29 37 33 40 15 0 18 23 16 5 4 2 13 0 25 36 32 41 42 3 10 20 12 0 1 44 11 27 19 6 17 38 0 35 	2398.0	3112.0	2810	1482
39 8 7 21 31 22 9 28 0 30 24 34 14 43 26 0 29 6 19 27 11 44 1 12 0 20 10 3 42 41 32 36 25 0 13 2 4 5 16 23 18 0 15 40 33 37 17 0 38 35 	2402.0	3027.0	2678	135
11 18 34 17 10 27 9 3 2 0 24 12 35 14 39 23 25 42 0 13 21 32 29 7 44 0 28 19 30 41 4 31 38 0 1 37 43 36 15 26 0 40 6 5 33 8 16 0 20 22 	2330.0	2957.0	2581	139
39 18 7 21 31 22 9 0 28 30 24 34 14 43 0 26 29 6 19 27 11 44 1 0 12 20 10 3 42 41 32 36 25 0 13 2 4 5 15 23 40 0 17 37 33 8 16 0 38 35 	2282.0	3009.0	2494	126
39 18 7 17 31 22 9 0 28 30 24 34 14 43 0 26 29 6 19 27 11 44 1 0 12 20 10 3 42 41 32 36 25 0 13 2 4 37 21 40 0 23 15 5 33 8 16 38 0 35 	2202.0	2802.0	2444	126
37 18 7 17 31 0 22 9 28 30 24 34 14 0 43 26 29 6 19 27 11 44 0 39 12 20 10 3 42 41 32 36 0 25 13 2 4 5 21 40 23 0 15 1 33 8 16 0 38 35 	2091.0	2734.0	2401	112
37 31 2 17 15 22 9 0 28 30 24 34 14 43 0 26 29 6 19 27 11 44 1 0 32 41 42 3 10 20 12 36 25 0 13 16 4 5 8 0 40 18 21 7 33 39 38 0 23 35 	2033.0	2790.0	2376	152
37 31 2 17 15 22 9 0 28 30 24 34 14 43 0 26 29 6 19 27 11 44 1 0 32 41 42 3 10 20 12 36 25 0 13 16 4 5 8 0 40 18 21 7 33 39 38 0 23 35 	2033.0	2715.0	2266	121
37 18 2 17 42 22 9 0 28 30 24 34 14 43 0 26 29 6 19 27 11 44 1 0 16 20 10 3 39 7 32 0 15 23 21 41 4 36 12 0 40 25 13 5 33 8 0 38 31 35 	1964.0	2481.0	2191	104
37 31 2 17 15 22 9 0 28 30 24 34 14 43 0 26 29 6 19 27 11 44 1 0 32 41 42 3 10 20 12 36 25 0 13 16 4 5 7 0 40 18 21 8 33 39 0 38 23 35 	1924.0	2527.0	2137	118
37 31 2 17 15 22 9 0 28 30 24 34 14 43 0 26 29 6 19 27 11 44 1 0 32 41 42 3 10 20 12 36 25 0 13 16 4 8 7 0 40 18 21 5 33 39 38 0 23 35 	1911.0	2405.0	2075	104
37 31 2 17 18 22 9 0 28 30 24 34 14 43 0 26 29 11 27 19 6 44 1 0 32 20 10 3 39 15 12 0 36 25 13 16 4 5 0 7 40 42 21 8 33 41 38 23 0 35 	1889.0	2406.0	2042	111
37 31 2 17 15 22 9 0 28 30 24 34 14 43 0 26 29 11 27 19 6 44 1 0 32 20 10 3 39 42 12 36 25 0 13 16 4 5 7 0 40 18 21 8 33 41 0 38 23 35 	1764.0	2308.0	1987	89
37 31 2 17 15 22 9 0 28 30 24 34 14 43 0 26 29 11 27 19 6 44 1 0 32 20 10 3 39 42 12 36 25 0 13 16 4 5 7 0 40 18 21 8 33 41 0 38 23 35 	1764.0	2229.0	1932	78
37 17 2 31 15 22 9 0 28 30 24 34 14 43 0 26 29 11 27 19 6 44 1 0 32 20 10 3 39 42 12 36 25 0 13 16 4 5 7 0 40 18 21 8 33 41 0 38 23 35 	1736.0	2199.0	1882	78
28 9 22 15 17 2 31 0 37 30 24 34 14 43 0 26 29 11 27 19 6 44 1 0 32 20 10 3 39 42 12 36 25 0 13 16 4 5 7 0 40 18 21 8 33 41 0 38 23 35 	1701.0	2140.0	1822	68
28 9 22 17 15 2 31 0 37 30 24 34 14 43 0 26 29 11 27 19 6 44 1 0 32 20 10 3 39 42 12 36 25 0 13 16 4 5 7 0 40 18 21 8 33 41 0 38 23 35 	1679.0	2138.0	1770	55
28 9 22 17 15 2 31 0 37 30 24 34 14 43 0 26 29 11 27 19 6 44 1 0 32 20 10 3 39 42 12 36 25 0 13 16 4 5 7 0 40 18 21 8 33 41 0 38 23 35 	1679.0	2170.0	1762	85
28 9 22 17 15 2 31 0 37 30 24 34 14 43 0 26 29 11 27 19 6 44 1 0 32 20 10 3 39 36 12 42 25 0 13 16 4 5 7 0 40 18 21 8 33 41 0 38 23 35 	1663.0	2139.0	1731	94
28 9 22 17 15 2 31 0 37 30 24 34 14 43 0 26 29 11 27 19 6 44 1 0 32 20 10 3 39 36 12 42 25 0 13 16 4 5 7 0 40 18 21 8 33 41 0 38 23 35 	1663.0	1925.0	1689	40
28 9 22 17 15 2 31 0 37 30 24 34 14 43 0 26 29 11 27 19 6 44 1 0 32 20 10 3 39 36 12 42 25 0 13 16 4 5 7 0 40 18 21 8 33 41 0 38 23 35 	1663.0	2153.0	1694	78
28 9 22 17 15 2 31 0 6 19 27 11 29 26 43 14 0 34 24 30 37 44 1 0 32 20 10 3 39 36 12 42 25 0 13 16 4 5 7 0 40 18 21 8 33 41 0 38 23 35 	1636.0	1937.0	1677	52
28 9 22 17 15 2 31 0 6 19 27 11 29 26 43 14 0 34 24 30 37 44 1 0 32 20 10 3 39 36 12 42 25 0 13 16 4 5 7 0 40 18 21 8 33 41 0 38 23 35 	1636.0	2015.0	1673	46
28 9 22 17 15 2 31 0 6 19 24 34 29 26 43 0 14 11 27 30 37 44 1 0 32 20 10 3 39 36 12 42 25 0 13 16 4 5 7 0 40 18 21 8 33 41 0 38 23 35 	1633.0	2023.0	1689	82
28 9 22 17 15 2 31 0 6 19 27 11 29 43 26 14 0 34 24 30 37 44 1 0 32 20 10 3 39 36 12 42 25 0 13 16 4 5 7 0 40 18 21 8 33 41 0 38 23 35 	1624.0	2093.0	1683	86
28 9 22 17 15 2 31 0 6 19 27 11 29 43 26 14 0 34 24 30 37 44 1 0 32 20 10 3 39 36 12 42 25 0 13 16 4 5 7 0 40 18 21 8 33 41 0 38 23 35 	1624.0	2155.0	1655	70
28 9 22 17 15 2 31 0 6 19 27 11 29 43 26 14 0 34 24 30 37 44 1 0 32 20 10 3 39 36 12 42 25 0 13 16 4 5 7 0 40 18 21 33 8 41 0 38 23 35 	1620.0	2130.0	1665	90
28 9 22 17 15 2 31 0 6 19 27 11 29 43 26 14 0 34 24 30 37 44 1 0 32 20 10 3 39 36 12 42 25 0 13 16 4 5 7 0 40 18 21 33 8 41 0 38 23 35 	1620.0	1938.0	1662	82
28 9 22 17 15 2 31 0 6 19 27 11 29 43 26 14 0 34 24 30 37 44 1 0 32 20 10 3 39 36 12 42 25 0 13 16 4 5 7 0 40 18 21 33 8 41 0 38 23 35 	1620.0	2140.0	1658	96
28 9 22 17 15 2 31 0 6 19 27 11 29 43 26 14 0 34 24 30 37 44 1 0 32 20 10 3 12 36 39 42 25 0 13 16 4 5 7 0 40 18 21 33 8 41 0 38 23 35 	1615.0	2022.0	1639	72
28 17 22 9 15 2 31 0 6 19 27 11 29 43 26 14 0 34 24 30 37 44 1 0 32 20 10 3 39 36 12 42 25 0 13 16 4 5 7 0 40 18 21 33 8 41 0 38 23 35 	1593.0	2050.0	1641	78
28 17 22 9 15 2 31 0 6 19 27 11 29 43 26 14 0 34 24 30 37 44 1 0 32 20 10 3 39 36 12 42 25 0 13 16 4 5 7 0 40 18 21 33 8 41 0 38 23 35 	1593.0	1993.0	1648	88
28 17 22 9 15 2 31 0 6 19 27 11 29 43 26 14 0 34 24 30 37 44 1 0 32 20 10 3 12 36 39 42 25 0 13 16 4 5 7 0 40 18 21 33 8 41 0 38 23 35 	1588.0	1926.0	1650	86
28 17 22 9 15 2 31 0 6 19 27 11 29 43 26 14 0 34 24 30 37 44 1 0 32 20 10 3 42 39 36 12 25 0 13 16 4 5 7 0 40 18 21 33 8 41 0 38 23 35 	1533.0	2041.0	1630	72
28 17 22 9 15 2 31 0 6 19 27 11 29 43 26 14 0 34 24 30 37 44 1 0 32 20 10 3 42 39 36 12 25 0 13 16 4 5 7 0 40 18 21 33 8 41 0 38 23 35 	1533.0	1833.0	1615	57
28 17 22 9 15 2 31 0 6 19 27 11 29 43 26 14 0 34 24 30 37 44 1 0 32 20 10 3 42 36 39 12 25 0 13 16 4 5 7 0 40 18 21 33 8 41 0 38 23 35 	1525.0	1822.0	1599	54
28 17 22 9 15 2 31 0 6 19 27 11 29 43 26 14 0 34 24 30 37 44 1 0 32 20 10 3 42 36 39 12 25 0 13 16 4 5 7 0 40 18 21 33 8 41 0 38 23 35 	1525.0	1922.0	1592	82
28 17 22 9 15 2 31 0 6 19 27 11 29 43 26 14 0 34 24 30 37 44 1 0 32 20 10 3 42 36 39 12 25 0 13 16 4 5 7 0 40 18 21 33 8 41 0 38 23 35 	1525.0	1918.0	1568	85
28 17 22 9 15 2 31 0 6 19 27 11 29 43 26 14 0 34 24 30 37 44 1 0 32 20 10 3 42 36 39 12 25 0 13 16 4 5 7 0 40 18 21 33 8 41 0 38 23 35 	1525.0	1785.0	1537	42
28 17 22 9 15 2 31 0 6 19 27 11 29 43 26 14 0 34 24 30 37 44 1 0 32 20 10 3 42 36 39 12 25 0 13 16 4 5 7 0 40 18 21 33 8 41 0 38 23 35 	1525.0	1828.0	1543	60
28 17 22 9 15 2 31 0 6 19 27 11 29 43 26 14 0 34 24 30 37 44 1 0 32 20 10 3 42 36 39 12 25 0 13 16 4 5 7 0 40 18 21 33 8 41 0 38 23 35 	1525.0	2050.0	1551	92
28 17 22 9 15 2 31 0 6 19 27 11 29 43 26 14 0 34 24 30 37 44 1 0 32 20 10 3 42 36 39 12 25 0 13 16 4 5 7 0 40 18 21 33 8 41 0 38 23 35 	1525.0	1809.0	1536	44
28 17 22 9 15 2 31 0 6 19 11 27 29 43 26 14 0 34 24 30 37 44 1 0 32 20 10 3 42 36 39 12 25 0 13 16 4 5 7 0 40 18 21 33 8 41 0 38 23 35 	1493.0	1967.0	1544	76
28 17 22 9 15 2 31 0 6 19 11 27 29 43 26 14 0 34 24 30 37 44 1 0 32 20 10 3 42 36 39 12 25 0 13 16 4 5 7 0 40 18 21 33 8 41 0 38 23 35 	1493.0	2063.0	1540	73
28 17 22 9 15 2 31 0 6 19 11 27 29 43 26 14 0 24 34 30 37 44 1 0 32 20 10 3 42 36 39 12 25 0 13 16 4 5 7 0 40 18 21 33 8 41 0 38 23 35 	1462.0	2086.0	1536	75
28 17 22 9 15 2 31 0 6 19 11 27 29 43 26 14 0 24 34 30 37 44 1 0 32 20 10 3 42 36 39 12 25 0 13 16 4 5 7 0 40 18 21 33 8 41 0 38 23 35 	1462.0	1837.0	1515	51
28 17 22 9 15 2 31 0 6 19 11 27 29 43 26 14 0 24 34 30 37 44 1 0 32 20 10 3 42 36 39 12 25 0 13 16 4 5 7 0 40 18 21 33 8 41 0 38 23 35 	1462.0	1893.0	1511	85
28 17 22 9 15 2 31 0 6 19 11 27 29 43 26 14 0 24 34 30 37 44 1 0 32 20 10 3 42 36 39 12 25 0 13 16 4 5 7 0 40 18 21 33 8 41 0 38 23 35 	1462.0	1811.0	1491	78
28 17 22 9 15 2 31 0 6 19 11 27 29 43 26 14 0 24 34 30 37 44 1 0 32 20 10 3 42 36 39 12 25 0 13 16 4 5 7 0 40 18 21 33 8 41 0 38 23 35 	1462.0	1820.0	1481	73
28 17 22 9 15 2 31 0 6 19 11 27 29 43 26 14 0 24 34 30 37 44 1 0 32 20 10 3 42 36 39 12 25 0 13 16 4 5 7 0 40 18 21 33 8 41 0 38 23 35 	1462.0	1775.0	1474	44
28 17 22 9 15 2 31 0 6 19 11 27 29 43 26 14 0 24 34 30 37 44 1 0 32 20 10 3 42 36 39 12 25 0 13 16 4 5 7 0 40 18 21 33 8 41 0 38 23 35 	1462.0	2060.0	1494	110
28 17 22 9 15 2 31 0 6 19 11 27 29 43 26 14 0 24 34 30 37 44 1 0 32 20 10 3 42 36 39 12 25 0 13 16 4 5 7 0 40 18 21 33 8 41 0 38 23 35 	1462.0	1900.0	1501	93
28 17 22 9 15 2 31 0 6 19 11 27 29 43 26 14 0 24 34 30 37 44 1 0 32 20 10 3 42 36 39 12 25 0 13 16 4 5 7 0 40 18 21 33 8 41 0 38 23 35 	1462.0	1842.0	1493	86
28 17 22 9 15 2 31 0 6 19 11 27 29 43 26 14 0 24 34 30 37 44 1 0 32 20 10 3 42 36 39 12 25 0 13 16 4 5 7 0 40 18 21 33 8 41 0 38 23 35 	1462.0	1941.0	1506	101
28 17 22 9 15 2 31 0 6 19 11 27 29 43 26 14 0 24 34 30 37 44 1 0 32 20 10 3 42 36 39 12 25 0 13 16 4 5 7 0 40 18 21 33 8 41 0 38 23 35 	1462.0	1799.0	1478	60
28 17 22 9 15 2 31 0 6 19 11 27 29 43 26 14 0 24 34 30 37 44 1 0 32 20 10 3 42 36 39 12 25 0 13 16 4 5 7 0 40 18 21 33 8 41 0 38 23 35 	1462.0	1821.0	1491	82
28 17 22 9 15 2 31 0 6 19 11 27 29 43 26 14 0 24 34 30 37 44 1 0 32 20 10 3 42 36 39 12 25 0 13 16 4 5 7 0 40 18 21 33 8 41 0 38 23 35 	1462.0	1899.0	1494	91
28 17 22 9 15 2 31 0 6 19 11 27 29 43 26 14 0 24 34 30 37 44 1 0 32 20 10 3 42 36 39 12 25 0 13 16 4 5 7 0 40 18 21 33 8 41 0 38 23 35 	1462.0	2012.0	1478	66
28 17 22 9 15 2 31 0 6 19 11 27 29 43 26 14 0 24 34 30 37 44 1 0 32 20 10 3 42 36 39 12 25 0 13 16 4 5 7 0 40 18 21 33 8 41 0 38 23 35 	1462.0	1827.0	1479	66
28 17 22 9 15 2 31 0 6 19 11 27 29 43 26 14 0 24 34 30 37 44 1 0 32 20 10 3 42 36 39 12 25 0 13 16 4 5 7 0 40 18 21 33 8 41 0 38 23 35 	1462.0	1853.0	1478	66
28 17 22 9 15 2 31 0 6 19 11 27 29 43 26 14 0 24 34 30 37 44 1 0 32 20 10 3 42 36 39 12 25 0 13 16 4 5 7 0 40 18 21 33 8 41 0 38 23 35 	1462.0	2024.0	1496	89
28 17 22 9 15 2 31 0 6 19 11 27 29 43 26 14 0 24 34 30 37 44 1 0 32 20 10 3 42 36 39 12 25 0 13 16 4 5 7 0 40 18 21 33 8 41 0 38 23 35 	1462.0	1889.0	1484	84
28 17 22 9 15 2 31 0 6 19 11 27 29 43 26 14 0 24 34 30 37 44 1 0 32 20 10 3 42 36 39 12 25 0 13 16 4 5 7 0 40 18 21 33 8 41 0 38 23 35 	1462.0	1866.0	1477	63
28 17 22 9 15 2 31 0 6 19 11 27 29 43 26 14 0 24 34 30 37 44 1 0 32 20 10 3 42 36 39 12 25 0 13 16 4 5 7 0 40 18 21 33 8 41 0 38 23 35 	1462.0	1813.0	1483	74
28 17 22 9 15 2 31 0 6 19 11 27 29 43 26 14 0 24 34 30 37 44 1 0 32 20 10 3 42 36 39 12 25 0 13 16 4 5 7 0 40 18 21 33 8 41 0 38 23 35 	1462.0	1744.0	1481	60
28 17 22 9 15 2 31 0 6 19 11 27 29 43 26 14 0 24 34 30 37 44 1 0 32 20 10 3 42 36 39 12 25 0 13 16 4 5 7 0 40 18 21 33 8 41 0 38 23 35 	1462.0	1755.0	1496	77
28 17 22 9 15 2 31 0 6 19 11 27 43 29 26 14 0 24 34 30 37 44 1 0 32 20 10 3 42 36 39 12 25 0 13 16 4 5 7 0 40 18 21 33 8 41 0 38 23 35 	1451.0	1687.0	1471	36
28 17 22 9 15 2 31 0 6 19 11 27 43 29 26 14 0 24 34 30 37 44 1 0 32 20 10 3 42 36 39 12 25 0 13 16 4 5 7 0 40 18 21 33 8 41 0 38 23 35 	1451.0	1805.0	1478	56
28 17 22 9 15 2 31 0 6 37 30 34 24 14 0 26 43 29 27 11 19 44 1 0 32 20 10 3 42 36 39 12 25 0 13 16 4 5 7 0 40 18 21 33 8 41 0 38 23 35 	1448.0	1902.0	1484	81
28 17 22 9 15 2 31 0 6 37 30 34 24 14 0 26 43 29 27 11 19 44 1 0 32 20 10 3 42 36 39 12 25 0 13 16 4 5 7 0 40 18 21 33 8 41 0 38 23 35 	1448.0	1838.0	1489	79
28 17 22 9 15 2 31 0 6 19 11 27 43 29 26 14 0 24 34 30 37 44 1 0 32 20 3 10 42 36 39 12 25 0 13 16 4 5 7 0 40 18 21 33 8 41 0 38 23 35 	1446.0	2037.0	1468	73
28 17 22 9 15 2 31 0 6 37 30 34 24 14 0 26 43 29 27 11 19 44 1 0 32 20 3 10 42 36 39 12 25 0 13 16 4 5 7 0 40 18 21 33 8 41 0 38 23 35 	1444.0	1845.0	1486	89
28 17 22 9 15 2 31 0 6 37 30 34 24 14 0 26 43 29 27 11 19 44 1 0 32 20 3 10 42 36 39 12 25 0 13 16 4 5 7 0 40 18 21 33 8 41 0 38 23 35 	1444.0	1959.0	1488	102
28 17 22 9 15 2 31 0 6 37 30 34 24 14 0 26 43 29 27 11 19 44 1 0 32 20 3 10 42 36 39 12 25 0 13 16 4 5 7 0 40 18 21 33 8 41 0 38 23 35 	1444.0	1730.0	1456	46
28 17 22 9 15 2 31 0 24 34 30 37 6 14 0 26 43 29 27 11 19 44 1 0 32 20 3 10 42 36 39 12 25 0 13 16 4 5 7 0 40 18 21 33 8 41 0 38 23 35 	1442.0	1849.0	1450	42
28 17 22 9 15 2 31 0 24 34 30 37 6 14 0 26 43 29 27 11 19 44 1 0 32 20 3 10 42 36 39 12 25 0 13 16 4 5 7 0 40 18 21 33 8 41 0 38 23 35 	1442.0	1869.0	1469	79
28 17 22 9 15 2 31 0 6 37 30 34 24 14 0 26 43 29 27 11 19 44 1 0 32 20 3 10 42 36 39 12 25 0 13 16 4 5 7 0 40 18 21 33 41 8 0 38 23 35 	1436.0	1783.0	1458	61
28 17 22 9 15 2 31 0 6 37 30 34 24 14 0 26 43 29 27 11 19 44 1 0 32 20 3 10 42 36 39 12 25 0 13 16 4 5 7 0 40 18 21 33 41 8 0 38 23 35 	1436.0	1753.0	1456	60
28 17 22 9 15 2 31 0 24 37 30 34 6 14 0 26 43 29 27 11 19 44 1 0 32 20 3 10 42 36 39 12 25 0 13 16 4 5 7 0 40 18 21 33 41 8 0 38 23 35 	1434.0	1778.0	1461	67
28 17 22 9 15 2 31 0 24 37 30 34 6 14 0 26 43 29 27 11 19 44 1 0 32 20 3 10 42 36 39 12 25 0 13 16 4 5 7 0 40 18 21 33 41 8 0 38 23 35 	1434.0	1983.0	1453	68
28 17 22 9 15 2 31 0 24 34 30 37 6 14 0 26 29 43 27 11 19 44 1 0 32 20 3 10 42 36 39 12 25 0 13 16 4 5 7 0 40 18 21 33 41 8 0 38 23 35 	1424.0	1732.0	1453	60
28 17 22 9 15 2 31 0 24 37 30 34 6 14 0 26 29 43 27 11 19 44 1 0 32 20 3 10 42 36 39 12 25 0 13 16 4 5 7 0 40 18 21 33 41 8 0 38 23 35 	1423.0	1884.0	1468	84
28 17 22 9 15 2 31 0 24 37 30 34 6 14 0 26 29 43 27 11 19 44 1 0 32 20 3 10 42 36 39 12 25 0 13 16 4 5 7 0 40 18 21 33 41 8 0 38 23 35 	1423.0	1991.0	1470	118
28 17 22 9 15 2 31 0 24 37 30 34 6 14 0 26 29 43 27 11 19 44 1 0 32 20 3 10 42 36 39 12 25 0 13 16 4 5 7 0 40 18 21 33 41 8 0 38 23 35 	1423.0	1787.0	1436	41
28 17 22 9 15 2 31 0 24 37 30 34 6 14 0 26 29 43 27 11 19 44 1 0 32 20 3 10 42 36 39 12 25 0 13 16 4 5 7 0 40 18 21 33 41 8 0 38 23 35 	1423.0	1739.0	1444	68
28 17 22 9 15 2 31 0 24 37 30 34 6 14 0 26 29 43 27 11 19 44 1 0 32 20 3 10 42 36 39 12 25 0 13 16 4 5 7 0 40 18 21 33 41 8 0 38 23 35 	1423.0	1914.0	1437	62
28 17 22 9 15 2 31 0 24 37 30 34 6 14 0 26 29 43 27 11 19 44 1 0 32 20 3 10 42 36 39 12 25 0 13 16 4 5 7 0 40 18 21 33 41 8 0 38 23 35 	1423.0	1969.0	1451	101
28 17 22 9 15 2 31 0 24 37 30 34 6 14 0 26 29 43 27 11 19 44 1 0 32 20 3 10 42 36 39 12 25 0 13 16 4 5 7 0 40 18 21 33 41 8 0 38 23 35 	1423.0	1808.0	1440	66
28 17 22 9 15 2 31 0 24 37 30 34 6 14 0 26 29 43 27 11 19 44 1 0 32 20 3 10 42 36 39 12 25 0 13 16 4 5 7 0 40 18 21 33 41 8 0 38 23 35 	1423.0	1862.0	1447	78
28 17 22 9 15 2 31 0 24 37 30 34 6 14 0 26 29 43 27 11 19 44 1 0 32 20 3 10 42 36 39 12 25 0 13 16 4 5 7 0 40 18 21 33 41 8 0 38 23 35 	1423.0	1878.0	1436	55
28 17 22 9 15 2 31 0 24 37 30 34 6 14 0 26 29 43 27 11 19 44 1 0 32 20 3 10 42 36 39 12 25 0 13 16 4 5 7 0 40 18 21 33 41 8 0 38 23 35 	1423.0	1995.0	1460	112
28 17 22 9 15 2 31 0 24 37 30 34 6 14 0 26 29 43 27 11 19 44 1 0 32 20 3 10 42 36 39 12 25 0 13 5 4 16 7 0 40 18 21 33 41 8 0 38 23 35 	1412.0	1896.0	1454	92
28 17 22 9 15 2 31 0 24 37 30 34 6 14 0 26 29 43 27 11 19 44 1 0 32 20 3 10 42 36 39 12 25 0 13 5 4 16 7 0 40 18 21 33 41 8 0 38 23 35 	1412.0	1995.0	1456	103
28 17 22 9 15 2 31 0 24 37 30 34 6 14 0 26 29 43 27 11 19 44 1 0 32 20 3 10 42 36 39 12 25 0 13 16 4 5 7 0 40 18 21 33 41 8 0 38 35 23 	1411.0	2028.0	1455	113
28 17 22 9 15 2 31 0 24 37 30 34 6 14 0 26 29 43 27 11 19 44 1 0 32 20 3 10 42 36 39 12 25 0 13 16 4 5 7 0 40 18 21 33 41 8 0 38 35 23 	1411.0	1932.0	1439	71
28 17 22 9 15 2 31 0 24 37 30 34 6 14 0 26 29 43 27 11 19 44 1 0 32 20 3 10 42 36 39 12 25 0 13 16 4 5 7 0 40 18 21 33 41 8 0 38 35 23 	1411.0	1913.0	1453	95
28 17 22 9 15 2 31 0 24 37 30 34 6 14 0 26 29 43 27 11 19 44 1 0 32 20 3 10 42 36 39 12 25 0 13 16 4 5 7 0 40 18 21 33 41 8 0 38 35 23 	1411.0	1987.0	1445	103
28 17 22 9 15 2 31 0 24 37 30 34 6 14 0 26 29 43 27 11 19 44 1 0 32 20 3 10 42 36 39 12 25 0 13 16 4 5 7 0 40 18 21 33 41 8 0 38 35 23 	1411.0	1905.0	1429	65
28 17 22 9 15 2 31 0 24 37 30 34 6 14 0 26 29 43 27 11 19 44 1 0 32 20 3 10 16 13 0 25 12 39 36 42 4 5 7 0 40 18 21 33 41 8 0 38 35 23 	1402.0	1721.0	1439	74
28 17 22 9 15 2 31 0 24 37 30 34 6 14 0 26 29 43 27 11 19 44 1 0 32 20 3 10 16 13 0 25 12 39 36 42 4 5 7 0 40 18 21 33 41 8 0 38 35 23 	1402.0	1916.0	1439	90
28 17 22 9 15 2 31 0 24 37 30 34 6 14 0 26 29 43 27 11 19 44 1 0 32 20 3 10 16 13 0 25 12 39 36 42 4 5 7 0 40 18 21 33 41 8 0 38 35 23 	1402.0	2016.0	1427	82
