37 24 18 3 22 0 5 21 26 29 4 28 7 0 27 42 39 6 44 23 13 32 0 20 14 9 41 16 36 12 0 35 43 15 33 8 19 34 0 10 40 31 25 30 11 17 0 38 2 1 	2290.0	3190.0	2807	1302
37 24 18 3 22 0 5 21 26 29 4 28 7 0 27 42 39 6 44 23 13 32 0 20 14 9 41 16 36 12 0 35 43 15 33 8 19 34 0 10 40 31 25 30 11 17 0 38 2 1 	2290.0	3142.0	2682	156
37 24 18 3 22 0 5 21 26 29 4 28 7 0 27 42 39 6 44 23 13 32 0 20 14 9 41 16 36 12 0 35 43 15 33 8 19 34 0 10 40 31 25 30 11 17 0 38 2 1 	2290.0	3042.0	2582	133
37 24 18 3 22 0 5 21 26 29 4 28 7 0 27 42 39 6 44 23 13 32 0 20 14 9 41 16 36 12 0 35 43 11 33 8 19 34 10 0 40 30 17 15 38 25 2 0 1 31 	2133.0	3064.0	2504	187
37 24 19 3 22 15 0 43 35 12 20 16 41 0 9 14 13 18 39 4 42 0 6 1 2 25 31 17 36 0 29 26 21 5 33 8 30 34 0 10 23 28 44 40 11 27 32 0 7 38 	2166.0	2676.0	2376	116
37 24 21 3 22 5 7 0 26 29 4 10 33 25 42 39 0 6 44 23 13 32 20 0 14 9 41 16 36 12 35 0 43 15 27 8 19 34 18 0 40 31 1 30 11 17 0 38 2 28 	2115.0	2557.0	2307	92
37 24 18 3 22 0 5 21 26 29 4 28 7 0 27 9 14 20 32 13 23 0 44 6 39 42 41 16 36 12 0 35 43 11 33 8 19 34 10 0 40 30 17 15 38 25 2 0 1 31 	2013.0	2730.0	2274	124
37 24 18 3 22 0 5 21 26 29 4 28 7 0 27 9 14 20 32 13 23 0 44 6 39 42 41 16 36 12 0 35 43 11 33 8 19 34 10 0 40 30 17 15 38 25 2 0 1 31 	2013.0	2732.0	2251	142
37 24 18 3 22 0 5 21 26 29 4 28 7 0 27 9 14 20 32 13 23 0 44 6 39 42 41 16 36 12 0 35 43 11 33 8 19 34 10 0 40 30 17 15 38 25 2 0 1 31 	2013.0	2674.0	2210	123
37 24 21 3 33 5 7 26 0 29 4 10 18 27 42 39 0 6 44 20 13 32 0 28 14 9 41 16 36 12 0 35 43 15 22 17 19 0 34 11 40 30 8 23 38 25 2 0 1 31 	1929.0	2618.0	2182	135
37 24 21 3 33 5 7 26 0 29 4 10 18 27 9 0 14 20 32 13 23 44 0 6 39 42 41 16 36 12 0 35 43 15 22 17 19 0 34 11 40 30 8 28 0 38 25 2 1 31 	1924.0	2595.0	2137	122
37 24 21 3 33 5 7 26 0 29 4 10 18 27 42 39 0 6 44 20 13 32 0 28 14 9 41 16 36 12 0 35 43 15 22 8 19 0 34 11 40 30 17 23 38 25 2 0 1 31 	1898.0	2377.0	2055	110
37 24 21 3 33 5 7 26 0 29 4 10 18 27 42 39 0 6 44 20 13 32 0 28 14 9 41 16 36 12 0 35 43 15 22 8 19 0 34 11 40 30 17 23 38 25 2 0 1 31 	1898.0	2356.0	1992	85
37 24 21 3 33 5 7 26 0 29 4 10 18 27 9 0 14 6 44 20 13 32 0 28 39 42 41 16 36 12 0 35 43 15 22 8 19 0 34 11 40 30 17 23 38 25 2 0 1 31 	1795.0	2126.0	1948	54
37 24 21 3 33 5 7 26 0 29 4 10 18 27 9 0 14 6 44 20 13 32 0 28 39 42 41 16 36 12 0 35 43 15 22 8 19 0 34 11 40 30 17 23 38 25 2 0 1 31 	1795.0	2236.0	1927	74
37 24 21 3 33 5 7 26 0 29 4 10 18 27 9 0 14 6 44 20 13 32 0 28 39 42 41 16 36 12 0 35 43 15 22 8 19 0 34 11 40 30 17 23 38 25 2 0 1 31 	1795.0	2086.0	1878	57
37 24 21 3 33 4 0 29 26 7 5 10 18 27 9 0 14 6 44 20 13 32 0 23 39 42 41 16 36 12 35 0 43 15 22 8 19 34 11 0 40 30 17 28 38 25 2 0 1 31 	1792.0	2058.0	1850	56
37 24 21 3 33 4 0 29 26 7 5 10 18 27 9 0 14 6 44 20 13 32 0 23 39 42 41 16 36 12 35 0 43 15 22 8 19 34 11 0 40 30 17 28 38 25 2 0 1 31 	1792.0	2053.0	1820	43
37 24 21 3 33 5 7 26 0 29 28 32 13 20 0 44 6 14 9 27 18 10 0 4 39 42 41 16 36 12 0 35 43 15 22 8 19 0 34 11 40 30 17 23 38 25 2 0 1 31 	1782.0	2012.0	1808	41
37 24 21 3 33 5 41 42 39 0 23 32 13 20 44 6 0 14 9 27 18 10 4 0 29 26 7 16 36 12 0 35 43 15 22 8 19 0 34 11 40 30 17 28 0 38 25 2 1 31 	1767.0	2052.0	1807	42
37 24 21 3 33 5 41 42 39 0 23 32 13 20 44 6 0 14 9 27 18 10 4 0 29 26 7 16 36 12 0 35 43 15 22 8 19 0 34 11 40 30 17 28 0 38 25 2 1 31 	1767.0	1992.0	1812	50
37 24 21 3 33 4 0 29 26 7 5 10 18 27 9 0 14 6 44 13 20 32 0 23 39 42 41 16 36 12 35 0 43 15 22 8 38 0 28 17 30 40 11 34 19 25 2 0 1 31 	1756.0	2030.0	1828	72
37 24 21 3 33 4 0 29 26 7 5 10 18 27 9 0 14 6 44 13 20 32 0 23 39 42 41 16 36 12 35 0 43 15 22 8 38 0 28 17 30 40 11 34 19 25 2 0 1 31 	1756.0	2121.0	1812	64
37 24 21 3 33 4 0 29 26 7 5 10 18 27 9 0 14 6 44 13 20 32 0 23 39 42 41 16 36 12 35 0 43 15 22 8 38 0 28 17 30 40 11 34 19 25 2 0 1 31 	1756.0	2039.0	1828	86
37 24 21 3 33 41 42 39 23 0 32 13 20 44 6 14 9 0 27 18 10 5 7 26 29 0 4 16 36 12 35 0 43 15 22 8 19 40 11 0 34 30 17 28 38 25 2 0 1 31 	1712.0	2095.0	1809	75
37 24 21 3 33 41 0 29 26 7 5 10 18 27 9 0 14 6 44 13 20 32 0 23 39 42 4 16 36 12 0 35 43 15 22 8 19 0 40 11 34 30 17 28 0 38 25 2 1 31 	1694.0	2061.0	1788	63
37 24 21 3 33 41 42 39 23 0 32 13 20 44 6 14 9 0 27 18 10 5 7 26 29 0 4 16 36 12 35 0 43 15 22 8 38 0 28 17 34 30 11 40 19 25 2 0 1 31 	1690.0	2086.0	1783	85
37 24 21 3 33 41 42 39 23 0 32 13 20 44 6 14 9 0 27 18 10 5 7 26 29 0 4 16 36 12 35 0 43 15 22 8 38 0 28 17 34 30 11 40 19 25 2 0 1 31 	1690.0	2104.0	1728	59
37 24 21 3 33 41 42 39 23 0 32 13 20 44 6 14 9 0 7 5 10 18 27 26 29 0 4 16 36 12 35 0 43 15 22 8 38 0 28 17 30 40 11 34 19 25 2 0 1 31 	1676.0	2026.0	1734	75
37 24 21 3 33 41 42 39 23 0 32 13 20 44 6 14 9 0 7 5 10 18 27 26 29 0 4 16 36 12 35 0 43 15 22 8 38 0 28 17 34 30 11 40 19 25 2 0 1 31 	1675.0	1924.0	1700	31
37 24 21 3 33 41 42 39 23 0 32 13 20 44 6 14 9 0 7 5 10 18 27 26 29 0 4 16 36 12 35 0 43 15 22 8 38 0 28 17 34 30 11 40 19 25 2 0 1 31 	1675.0	1953.0	1715	68
37 24 21 3 33 41 42 39 23 0 32 13 20 44 6 14 9 0 27 18 10 5 7 26 29 0 4 16 36 12 35 0 43 8 22 15 38 0 28 17 34 30 11 40 19 25 2 0 1 31 	1631.0	2024.0	1706	61
37 24 21 3 33 41 42 39 23 0 32 13 20 44 6 14 9 0 27 18 10 5 7 26 29 0 4 16 36 12 35 0 43 8 22 15 38 0 28 17 34 30 11 40 19 25 2 0 1 31 	1631.0	1993.0	1698	59
37 24 21 3 33 41 42 39 23 0 32 13 20 44 6 14 9 0 7 5 10 18 27 26 29 0 4 16 36 12 35 0 43 8 22 15 38 0 28 17 34 30 11 40 19 25 2 0 1 31 	1615.0	1917.0	1700	76
37 24 21 3 33 41 42 39 23 0 32 13 20 44 6 14 9 0 7 5 10 18 27 26 29 0 4 16 36 12 35 0 43 8 22 15 38 0 28 17 34 30 11 40 19 25 2 0 1 31 	1615.0	2036.0	1671	74
37 24 21 3 33 41 42 39 23 0 32 13 20 44 6 14 9 0 7 5 10 18 27 26 29 0 16 4 36 12 35 0 43 8 22 15 38 0 28 17 34 30 11 40 19 25 2 0 1 31 	1609.0	2032.0	1640	63
37 24 21 3 33 41 42 39 23 0 32 13 20 44 6 14 9 0 7 5 10 18 27 26 29 0 16 4 36 12 35 0 43 8 22 15 38 0 28 17 34 30 11 40 19 25 2 0 1 31 	1609.0	2094.0	1648	97
37 24 21 3 8 43 0 35 12 36 16 4 0 29 26 27 18 10 5 7 9 0 14 6 44 20 13 32 0 23 39 42 41 33 22 15 38 0 28 17 34 30 11 40 19 25 2 0 1 31 	1586.0	2088.0	1638	77
37 24 21 3 8 43 0 35 12 36 16 4 0 29 26 27 18 10 5 7 9 0 14 6 44 20 13 32 0 23 39 42 41 33 22 15 38 0 28 17 34 30 11 40 19 25 2 0 1 31 	1586.0	2006.0	1655	91
37 24 21 3 8 43 0 35 12 36 16 4 0 29 26 27 18 10 5 7 9 0 14 6 44 20 13 32 0 23 39 42 41 33 22 15 38 0 28 17 34 30 11 40 19 25 2 0 1 31 	1586.0	2026.0	1626	70
37 24 21 3 33 41 42 39 0 14 6 44 20 13 32 0 23 9 7 5 10 18 27 26 29 0 16 4 36 12 35 0 43 8 22 15 38 0 28 17 34 30 11 40 19 25 2 0 1 31 	1579.0	2056.0	1631	79
37 24 21 3 33 41 42 39 0 14 6 44 20 13 32 0 23 9 7 5 10 18 27 26 29 0 16 4 36 12 35 0 43 8 22 15 38 0 28 17 34 30 11 40 19 25 2 0 1 31 	1579.0	2069.0	1630	106
37 24 21 3 33 41 42 39 0 14 6 44 20 13 32 0 23 9 7 5 10 18 27 26 29 0 16 4 36 12 35 0 43 8 22 15 38 0 28 17 34 30 11 40 19 25 2 0 1 31 	1579.0	2278.0	1665	148
37 24 21 3 33 41 42 39 0 14 6 44 20 13 32 0 23 9 7 5 10 18 27 26 29 0 16 4 36 12 35 0 43 8 22 15 38 0 28 17 34 30 11 40 19 25 2 0 1 31 	1579.0	2154.0	1644	120
37 24 21 3 8 43 0 35 12 36 16 4 0 29 26 27 18 10 5 7 9 0 14 6 44 20 13 32 0 23 39 42 41 33 22 15 38 0 28 17 19 40 11 30 34 25 2 0 1 31 	1575.0	1977.0	1619	91
37 24 21 3 8 43 0 35 12 36 16 4 0 29 26 27 18 10 5 7 9 0 14 6 44 20 13 32 0 23 39 42 41 33 22 15 38 0 28 17 19 40 11 30 34 25 2 0 1 31 	1575.0	2127.0	1639	127
37 24 21 3 33 41 42 39 0 14 6 44 20 13 32 0 23 9 7 5 10 18 27 26 29 0 16 4 36 12 35 0 43 8 22 15 38 0 28 17 19 40 11 30 34 25 2 0 1 31 	1568.0	2133.0	1604	82
37 24 21 3 33 41 42 39 0 14 6 44 20 13 32 0 23 9 7 5 10 18 27 26 29 0 16 4 36 12 35 0 43 8 22 15 38 0 28 17 19 40 11 30 34 25 2 0 1 31 	1568.0	2051.0	1626	111
37 24 21 3 33 41 42 39 0 14 6 44 20 13 32 0 23 9 7 5 10 18 27 26 29 0 16 4 36 12 35 0 43 8 22 15 38 0 28 17 19 40 11 30 34 25 2 0 1 31 	1568.0	2083.0	1592	82
37 24 21 3 33 41 42 39 0 14 6 44 20 13 32 0 23 9 7 5 10 18 27 26 29 0 16 4 36 12 35 0 43 8 22 15 38 0 28 17 19 40 11 30 34 25 2 0 1 31 	1568.0	2040.0	1601	95
37 24 21 3 33 41 42 39 0 14 6 44 20 13 32 0 23 9 7 5 10 18 27 26 29 0 16 4 36 12 35 0 43 8 22 15 38 0 28 17 19 40 11 30 34 25 2 0 1 31 	1568.0	1903.0	1582	50
37 24 21 3 33 41 42 39 0 14 6 44 20 13 32 0 23 9 7 5 10 18 27 26 29 0 16 4 36 12 35 0 43 8 22 15 38 0 28 17 19 40 11 30 34 25 2 0 1 31 	1568.0	2190.0	1595	96
37 24 21 3 33 41 42 39 0 14 6 44 20 13 32 0 23 9 7 5 10 18 27 26 29 0 16 4 36 12 35 0 43 8 22 15 38 0 28 17 19 40 11 30 34 25 2 0 1 31 	1568.0	2066.0	1590	83
37 24 21 3 33 41 42 39 0 14 6 44 20 13 32 0 23 9 7 5 10 18 27 26 29 0 16 4 36 12 35 0 43 8 22 15 38 0 28 17 19 40 11 30 34 25 2 0 1 31 	1568.0	2089.0	1611	110
37 24 21 3 33 41 42 39 0 14 6 44 20 13 32 0 23 9 7 5 10 18 27 26 29 0 16 4 36 12 35 0 43 8 22 15 38 0 28 17 19 40 11 30 34 25 2 0 1 31 	1568.0	2150.0	1603	112
37 24 21 3 33 41 42 39 0 14 6 44 20 13 32 0 23 9 7 5 10 18 27 26 29 0 16 4 36 12 35 0 43 8 22 15 38 0 28 17 19 40 11 30 34 25 2 0 1 31 	1568.0	2180.0	1586	78
37 24 21 3 33 41 42 39 0 14 6 44 31 1 2 25 0 34 30 11 40 19 17 28 0 38 15 22 8 43 0 35 12 36 4 16 0 29 26 27 18 10 5 7 9 23 0 32 13 20 	1559.0	2029.0	1599	93
37 24 21 3 33 41 42 39 0 14 6 44 31 1 2 25 0 34 30 11 40 19 17 28 0 38 15 22 8 43 0 35 12 36 4 16 0 29 26 27 18 10 5 7 9 23 0 32 13 20 	1559.0	2134.0	1602	101
37 24 21 3 33 41 42 39 0 14 6 44 31 1 2 25 0 34 30 11 40 19 17 28 0 38 15 22 8 43 0 35 12 36 4 16 0 29 26 27 18 10 5 7 9 23 0 32 13 20 	1559.0	2017.0	1599	86
37 24 21 3 33 41 42 39 0 14 6 44 31 1 2 25 0 34 30 11 40 19 17 28 0 38 15 22 8 43 0 35 12 36 4 16 0 29 26 27 18 10 5 7 9 23 0 32 13 20 	1559.0	2133.0	1607	95
37 24 21 3 33 41 42 39 0 14 6 44 31 1 2 25 0 34 30 11 40 19 17 28 0 38 15 22 8 43 0 35 12 36 4 16 0 29 26 27 18 10 5 7 9 23 0 32 13 20 	1559.0	2034.0	1604	96
37 24 21 3 33 41 42 39 0 14 6 44 20 13 32 0 23 34 30 11 40 19 17 28 0 38 15 22 8 43 0 35 12 36 4 16 0 29 26 27 18 10 5 7 9 25 2 0 1 31 	1557.0	2093.0	1604	93
37 24 21 3 33 41 42 39 0 14 6 44 20 13 32 0 23 9 7 5 10 18 17 28 0 38 15 22 8 43 0 35 12 36 4 16 0 29 26 27 19 40 11 30 34 0 25 2 1 31 	1548.0	2091.0	1616	114
37 24 21 3 33 41 42 39 0 14 6 44 20 13 32 0 23 9 7 5 10 18 17 28 0 38 15 22 8 43 0 35 12 36 4 16 0 29 26 27 19 40 11 30 34 0 25 2 1 31 	1548.0	2058.0	1619	107
37 24 21 3 33 41 42 39 0 14 6 44 20 13 32 0 23 9 7 5 10 18 17 28 0 38 15 22 8 43 0 35 12 36 4 16 0 29 26 27 19 40 11 30 34 0 25 2 1 31 	1548.0	1956.0	1629	111
37 24 21 3 33 41 42 39 0 14 6 44 20 13 32 0 23 9 7 5 10 18 17 28 0 38 15 22 8 43 0 35 12 36 4 16 0 29 26 27 19 40 11 30 34 0 25 2 1 31 	1548.0	2206.0	1615	121
37 24 21 3 33 41 42 39 0 14 6 44 20 13 32 0 23 9 7 5 10 18 17 28 0 38 15 22 8 43 0 35 12 36 4 16 0 29 26 27 19 40 11 30 34 0 25 2 1 31 	1548.0	1965.0	1594	102
37 24 21 3 33 41 42 39 0 14 6 44 20 13 32 0 23 9 7 5 10 18 17 28 0 38 15 22 8 43 0 35 12 36 4 16 0 29 26 27 19 40 11 30 34 0 25 2 1 31 	1548.0	1997.0	1573	84
37 24 21 3 33 41 42 39 0 14 6 44 20 13 32 0 23 9 7 5 10 18 17 28 0 38 15 22 8 43 0 35 12 36 4 16 0 29 26 27 19 40 11 30 34 0 25 2 1 31 	1548.0	1934.0	1566	62
37 24 21 3 33 41 42 39 0 14 6 44 20 13 32 0 23 9 7 5 10 18 17 28 0 38 15 22 8 43 0 35 12 36 4 16 0 29 26 27 19 40 11 30 34 0 25 2 1 31 	1548.0	1922.0	1566	61
37 24 21 3 33 41 42 39 0 14 6 44 20 13 32 0 23 9 7 5 10 18 17 28 0 38 15 22 8 43 2 25 0 34 30 11 40 19 27 26 29 0 16 4 36 12 35 0 1 31 	1544.0	2003.0	1574	79
37 24 21 3 33 41 42 39 0 14 6 44 20 13 32 0 23 9 7 5 10 18 17 28 0 38 15 22 8 43 2 25 0 34 30 11 40 19 27 26 29 0 16 4 36 12 35 0 1 31 	1544.0	1733.0	1562	36
37 24 21 3 33 41 42 39 0 14 6 44 20 13 32 0 23 9 7 5 10 18 17 28 0 38 15 22 8 43 2 25 0 34 30 11 40 19 27 26 29 0 16 4 36 12 35 0 1 31 	1544.0	1892.0	1579	72
37 24 21 3 33 41 42 39 0 14 6 44 20 13 32 0 23 9 7 5 10 18 17 28 0 38 15 22 8 43 2 25 0 34 30 11 40 19 27 26 29 0 16 4 36 12 35 0 1 31 	1544.0	2036.0	1588	97
37 24 3 21 33 41 42 39 0 14 6 44 20 13 32 0 23 9 7 5 10 18 17 28 0 38 15 22 8 43 2 25 0 34 30 11 40 19 27 26 29 0 16 4 36 12 35 0 1 31 	1515.0	2084.0	1598	116
37 24 3 21 33 41 42 39 0 14 6 44 20 13 32 0 23 9 7 5 10 18 17 28 0 38 15 22 8 43 2 25 0 34 30 11 40 19 27 26 29 0 16 4 36 12 35 0 1 31 	1515.0	1803.0	1546	29
37 24 3 21 33 41 42 39 0 14 6 44 20 13 32 0 23 9 7 10 5 18 17 28 0 38 15 22 8 43 2 25 0 34 30 11 40 19 27 26 29 0 16 4 36 12 35 0 1 31 	1497.0	1977.0	1561	84
37 24 3 21 33 41 42 39 0 14 6 44 20 13 32 0 23 9 7 10 5 18 17 28 0 38 15 22 8 43 2 25 0 34 30 11 40 19 27 26 29 0 16 4 36 12 35 0 1 31 	1497.0	1939.0	1550	91
37 24 3 21 33 41 42 39 0 14 6 44 20 13 32 0 23 9 7 22 15 38 28 0 17 18 10 5 8 43 2 25 0 34 30 11 40 19 27 26 29 0 16 4 36 12 31 0 1 35 	1496.0	1853.0	1524	63
37 24 3 21 33 41 42 39 0 14 6 44 20 13 32 0 23 9 7 10 5 18 17 28 0 38 15 22 8 43 2 25 0 34 30 11 40 19 27 26 29 0 16 4 36 12 31 0 1 35 	1481.0	2095.0	1535	85
37 24 3 21 33 41 42 39 0 14 6 44 20 13 32 0 23 9 7 10 5 18 17 28 0 38 15 22 8 43 2 25 0 34 30 11 40 19 27 26 29 0 16 4 36 12 31 0 1 35 	1481.0	1951.0	1511	67
37 24 3 21 33 41 42 39 0 14 6 44 20 13 32 0 23 9 7 10 5 18 17 28 0 38 2 43 8 22 15 25 0 34 30 11 40 19 27 26 29 0 16 4 36 12 31 0 1 35 	1472.0	1956.0	1515	98
37 24 3 21 33 41 42 39 0 14 6 44 20 13 32 0 23 9 7 10 5 18 17 28 0 38 2 43 8 22 15 25 0 34 30 11 40 19 27 26 29 0 16 4 36 12 31 0 1 35 	1472.0	1913.0	1503	87
37 24 3 21 33 41 42 39 0 14 6 44 20 13 32 0 23 9 7 10 5 18 17 28 0 38 2 43 8 22 15 25 0 34 30 11 40 19 27 26 29 0 16 4 36 12 31 0 1 35 	1472.0	1835.0	1511	85
37 24 3 21 33 41 42 39 0 14 6 44 20 13 32 0 23 9 7 10 5 18 17 28 0 38 2 43 8 22 15 25 0 34 30 11 40 19 27 26 29 0 16 4 36 12 31 0 1 35 	1472.0	1663.0	1485	35
37 24 3 21 33 41 42 39 0 14 6 44 20 13 32 0 23 9 7 10 5 18 17 28 0 38 2 43 8 22 15 25 0 34 30 11 40 19 27 26 29 0 16 4 36 12 31 0 1 35 	1472.0	1997.0	1496	78
37 24 3 21 33 41 42 39 0 14 6 44 20 13 32 0 23 9 7 10 5 18 17 28 0 38 2 43 8 22 15 25 0 34 30 11 40 19 27 26 29 0 16 4 36 12 31 0 1 35 	1472.0	1981.0	1495	86
37 24 3 21 33 41 42 39 0 14 6 44 20 13 32 0 23 9 7 10 5 18 17 28 0 38 2 43 8 22 15 25 0 34 30 11 40 19 27 26 29 0 16 4 36 12 31 0 1 35 	1472.0	1809.0	1483	46
37 24 3 21 33 41 42 39 0 14 6 44 20 13 32 0 23 9 7 10 5 18 17 28 0 38 2 43 8 22 15 25 0 34 30 11 40 19 27 26 29 0 16 4 36 12 31 0 1 35 	1472.0	1689.0	1481	33
37 24 3 21 33 41 42 39 0 14 6 44 20 13 32 0 23 9 7 10 5 18 17 28 0 38 2 43 8 22 15 25 0 34 30 11 40 19 27 26 29 0 16 4 36 12 31 0 1 35 	1472.0	1759.0	1487	51
37 24 3 21 33 41 42 39 0 14 6 44 20 13 32 0 23 9 7 10 5 18 17 28 0 38 2 43 8 22 15 25 0 34 30 11 40 19 27 26 29 0 16 4 36 12 31 0 1 35 	1472.0	2066.0	1509	112
37 24 3 21 33 41 42 39 0 14 6 44 20 13 32 0 23 9 7 10 5 18 17 28 0 38 2 43 8 22 15 25 0 34 30 11 40 19 27 26 29 0 16 4 36 12 31 0 1 35 	1472.0	1946.0	1503	100
37 24 3 21 33 41 42 39 0 14 6 44 20 13 32 0 23 9 7 10 5 18 17 28 0 38 2 43 8 22 15 25 0 34 30 11 40 19 27 26 29 0 16 4 36 12 31 0 1 35 	1472.0	1981.0	1503	95
37 24 3 21 33 41 42 39 0 14 6 44 20 13 32 0 23 9 7 10 5 18 17 28 0 38 2 43 8 22 15 25 0 34 30 11 40 19 27 26 29 0 16 4 36 12 31 0 1 35 	1472.0	2061.0	1502	99
37 24 3 21 33 41 42 39 0 14 6 44 20 13 32 0 23 9 7 10 5 18 17 28 0 38 2 43 8 22 15 25 0 34 30 11 40 19 27 26 29 0 16 4 36 12 31 0 1 35 	1472.0	1841.0	1488	61
37 24 3 21 33 41 42 39 0 14 44 6 20 13 32 0 23 9 7 10 5 18 17 28 0 38 2 43 8 22 15 25 0 34 30 11 40 19 27 26 29 0 16 4 36 12 31 0 1 35 	1468.0	1929.0	1495	73
37 24 3 21 33 41 42 39 0 14 44 6 20 13 32 0 23 9 7 10 5 18 17 28 0 38 2 43 8 22 15 25 0 34 30 11 40 19 27 26 29 0 16 4 36 12 31 0 1 35 	1468.0	1843.0	1487	59
37 24 3 21 33 41 42 39 0 14 44 6 20 13 32 0 23 9 7 10 5 18 17 28 0 38 2 43 8 22 15 25 0 34 30 11 40 19 27 26 29 0 16 4 36 12 31 0 1 35 	1468.0	1989.0	1495	85
37 24 3 21 33 41 42 39 0 14 44 6 20 13 32 0 23 9 7 10 5 18 17 28 0 38 2 43 8 22 15 25 0 34 30 11 40 19 27 26 29 0 16 4 36 12 31 0 1 35 	1468.0	1920.0	1505	98
37 24 3 21 33 41 42 39 0 14 44 6 20 13 32 0 23 9 7 10 5 18 17 28 0 38 2 43 8 22 15 25 0 34 30 40 11 19 27 26 29 0 16 4 36 12 31 0 1 35 	1466.0	1937.0	1485	68
37 24 3 21 33 41 42 39 0 14 44 6 20 13 32 0 23 9 7 10 5 18 17 28 0 38 2 43 8 22 15 25 0 34 30 40 11 19 27 26 29 0 16 4 36 12 31 0 1 35 	1466.0	1908.0	1496	79
