8 32 36 34 20 31 2 24 0 6 29 22 7 1 19 18 0 28 27 37 23 38 4 0 5 3 33 25 11 12 13 17 0 35 10 9 30 21 16 15 26 0 14 	1829.0	2447.0	2170	1058
18 2 21 5 16 34 27 0 25 37 17 32 29 33 12 24 0 6 30 28 13 4 10 26 0 36 31 14 20 3 7 1 15 8 0 19 0 11 9 22 23 38 	1786.0	2341.0	2037	116
13 36 30 4 33 25 9 16 3 0 32 5 7 15 19 18 0 28 27 37 23 8 11 10 20 0 22 6 21 12 1 31 35 0 29 34 24 2 14 0 17 26 	1767.0	2248.0	1945	108
18 6 21 5 16 34 27 0 38 32 17 24 12 33 23 0 2 37 35 28 13 4 0 10 26 36 31 14 20 3 7 1 0 15 8 30 19 11 9 22 29 0 	1691.0	2169.0	1894	100
18 6 21 5 16 34 27 0 38 32 17 24 12 33 25 0 2 37 35 28 13 4 0 10 26 36 31 14 20 3 7 1 0 15 8 30 19 11 9 22 23 0 	1689.0	2092.0	1839	84
18 6 21 5 16 34 27 0 38 32 17 24 12 33 23 0 25 37 30 28 13 11 10 26 36 31 0 14 20 3 7 1 15 8 0 19 4 0 9 22 29 2 	1635.0	2059.0	1816	88
18 6 21 5 16 34 27 0 38 32 17 24 12 33 23 0 2 37 35 28 13 4 0 10 26 36 31 8 20 3 7 1 22 0 19 0 14 11 9 15 29 25 	1612.0	2149.0	1797	118
18 6 21 5 16 34 27 0 38 32 17 24 12 33 23 0 2 37 35 28 13 4 0 10 26 36 31 8 20 3 7 1 22 0 19 0 14 11 9 15 29 25 	1612.0	1963.0	1705	64
21 6 18 5 16 34 27 0 38 32 17 24 12 33 23 0 2 37 35 28 13 4 0 10 26 36 31 8 20 3 7 1 15 19 0 0 14 11 9 22 29 25 	1563.0	1924.0	1673	65
21 6 18 5 16 34 27 0 38 32 17 24 12 33 23 0 2 37 35 28 13 11 0 10 26 36 31 8 20 3 7 1 15 19 0 0 14 4 9 22 29 25 	1548.0	1907.0	1658	64
18 6 21 5 16 34 27 0 38 32 17 24 12 33 23 0 2 37 35 28 13 11 0 10 26 36 8 31 20 3 7 1 15 19 0 0 14 4 9 22 29 25 	1519.0	1830.0	1617	50
21 6 18 5 16 34 27 0 38 32 17 24 29 33 12 0 2 37 35 28 13 4 0 10 26 36 31 8 20 7 3 1 15 19 0 0 14 11 9 22 23 25 	1544.0	1987.0	1588	48
21 6 18 5 16 34 27 0 38 32 17 24 29 33 12 0 2 37 35 28 13 4 0 10 26 36 31 8 20 7 3 1 15 19 0 0 14 11 9 22 23 25 	1544.0	1816.0	1579	64
21 6 18 5 16 34 27 0 38 32 17 24 29 33 12 0 2 37 35 28 13 4 0 10 26 36 9 11 14 0 0 19 15 1 7 3 20 8 31 22 23 25 	1517.0	1794.0	1567	46
21 6 18 5 16 34 27 0 38 32 17 24 29 33 12 0 2 37 35 28 13 4 0 10 26 36 9 11 14 0 0 19 15 1 7 3 20 8 31 22 23 25 	1517.0	1773.0	1570	54
21 6 18 5 16 34 27 0 38 32 17 24 29 33 12 0 2 37 35 28 13 4 0 10 26 36 9 11 14 0 0 19 1 15 7 3 20 8 31 22 23 25 	1501.0	1828.0	1562	58
21 6 18 5 16 34 27 0 38 32 17 24 29 33 12 0 2 37 35 28 13 4 0 10 26 36 9 11 14 0 0 19 1 15 7 3 20 8 31 22 23 25 	1501.0	1848.0	1531	50
21 6 18 5 16 34 27 0 38 32 17 24 29 33 12 0 2 37 35 20 3 7 15 1 19 0 0 14 11 9 36 26 10 0 4 13 28 8 31 22 23 25 	1482.0	1820.0	1527	62
21 6 18 5 16 34 27 0 38 32 17 24 29 33 12 0 2 37 35 20 3 7 10 1 19 0 0 14 11 9 36 26 15 0 4 13 28 8 31 22 23 25 	1461.0	1741.0	1528	64
21 6 18 5 16 34 27 0 38 32 17 24 29 33 12 0 2 37 35 20 3 7 10 1 19 0 0 14 11 9 36 26 15 0 4 13 28 8 31 22 23 25 	1461.0	1878.0	1531	99
21 6 18 5 16 34 27 0 38 32 17 24 29 33 12 0 2 37 35 20 3 7 10 1 19 0 0 14 11 9 36 26 15 0 4 13 28 8 31 22 23 25 	1461.0	1811.0	1502	61
21 6 18 5 16 34 27 0 38 32 17 24 29 33 12 0 2 37 35 20 3 7 10 1 19 0 0 14 11 9 36 26 15 0 4 13 28 8 31 22 23 25 	1461.0	1874.0	1485	54
21 6 18 5 16 34 27 0 38 32 17 24 29 33 12 0 2 37 35 28 13 4 0 10 26 36 9 11 14 0 0 19 8 15 3 7 20 1 31 22 23 25 	1458.0	1771.0	1478	48
21 6 18 5 16 34 27 0 38 32 17 24 29 33 12 0 2 37 35 20 3 7 10 1 19 0 0 14 11 15 26 36 9 0 4 13 28 8 31 22 23 25 	1452.0	1838.0	1478	57
21 6 18 5 16 34 27 0 38 32 24 17 29 33 12 0 2 37 35 20 3 7 10 1 19 0 0 14 11 9 36 26 15 0 4 13 28 8 31 22 23 25 	1448.0	1865.0	1493	85
21 6 18 5 16 34 27 0 38 32 24 17 29 33 12 0 2 37 35 20 3 7 10 1 19 0 0 14 11 26 36 9 15 0 4 13 28 8 31 22 23 25 	1443.0	1721.0	1493	71
21 6 18 5 16 34 27 0 38 32 24 17 29 33 12 0 2 37 35 20 3 7 10 1 19 0 0 14 11 15 26 36 9 0 4 13 28 8 31 22 23 25 	1438.0	1873.0	1498	96
21 6 18 5 16 34 27 0 38 32 17 24 29 33 12 0 2 37 35 20 3 7 10 1 19 0 0 14 11 15 26 8 9 0 4 13 28 30 31 22 23 25 	1433.0	1774.0	1472	57
21 6 18 5 16 34 27 0 38 32 17 24 29 33 12 0 2 37 35 20 3 7 10 1 19 0 0 14 11 15 26 8 9 0 4 13 28 30 31 22 23 25 	1433.0	1774.0	1466	63
21 6 18 5 16 34 27 0 38 32 24 17 29 33 12 0 2 37 35 20 3 7 10 1 19 0 0 14 11 15 26 8 9 0 4 13 28 30 31 22 23 25 	1420.0	1647.0	1451	37
21 6 18 5 16 34 27 0 38 32 24 17 29 33 12 0 2 37 35 20 3 7 10 1 19 0 0 14 11 15 26 8 9 0 4 13 28 30 31 22 23 25 	1420.0	1819.0	1454	59
21 6 18 5 16 34 27 0 38 32 24 17 29 33 12 0 2 37 35 20 3 7 10 1 19 0 0 14 11 15 26 8 9 0 4 13 28 30 31 22 23 25 	1420.0	1621.0	1436	37
21 6 18 5 16 34 27 0 38 32 24 17 29 12 33 0 2 37 35 20 3 7 10 1 19 0 0 14 11 15 26 8 9 0 4 13 28 30 31 22 23 25 	1414.0	1648.0	1437	48
21 6 18 5 16 34 27 0 38 32 24 17 29 12 33 0 2 37 35 20 3 7 10 1 19 0 0 14 11 15 26 8 9 0 4 13 28 30 31 22 23 25 	1414.0	1797.0	1437	59
21 6 18 5 16 34 27 0 38 32 24 17 29 33 12 20 0 35 37 2 3 7 10 1 19 0 0 14 11 15 26 8 9 0 4 13 28 30 31 22 23 25 	1404.0	1687.0	1432	45
21 6 18 5 16 34 27 0 38 32 24 17 29 33 12 20 0 35 37 2 3 7 10 1 19 0 0 14 11 15 26 8 9 0 4 13 28 30 31 22 23 25 	1404.0	1719.0	1432	47
21 6 18 5 16 34 27 0 38 32 24 17 29 12 33 20 0 35 37 2 3 7 10 1 19 0 0 14 11 15 26 8 9 0 4 13 28 30 31 22 23 25 	1402.0	1697.0	1438	66
21 6 18 5 16 34 27 0 38 32 24 17 29 12 33 20 0 35 37 2 3 7 10 1 19 0 0 14 11 15 26 8 9 0 4 13 28 30 31 22 23 25 	1402.0	1758.0	1434	70
21 6 26 15 11 14 0 19 0 32 24 17 29 33 12 20 0 35 37 2 3 7 10 1 38 0 27 34 16 5 18 8 9 0 4 13 28 30 31 22 23 25 	1387.0	1681.0	1416	39
21 6 26 15 11 14 0 19 0 32 24 17 29 12 33 20 0 35 37 2 3 7 10 1 38 0 27 34 16 5 18 8 9 0 4 13 28 30 31 22 23 25 	1385.0	1705.0	1418	57
21 6 26 5 16 34 27 0 38 32 24 17 29 12 33 20 0 35 37 2 3 7 10 1 19 0 0 14 11 15 18 8 9 0 4 13 28 30 31 22 23 25 	1363.0	1644.0	1420	48
21 6 26 5 16 34 27 0 38 32 24 17 29 12 33 20 0 35 37 2 3 7 10 1 19 0 0 14 11 15 18 8 9 0 4 13 28 30 31 22 23 25 	1363.0	1694.0	1414	44
21 6 18 5 16 35 20 0 33 12 29 17 24 32 38 0 27 34 37 2 3 7 10 1 19 0 0 14 11 15 26 8 9 0 4 13 28 30 31 22 23 25 	1348.0	1810.0	1430	99
21 6 26 5 16 35 20 0 33 12 29 17 24 32 38 0 27 34 37 2 3 7 10 1 19 0 0 14 11 15 18 8 9 0 4 13 28 30 31 22 23 25 	1309.0	1688.0	1423	74
21 6 26 5 16 35 20 0 33 32 24 17 29 12 38 0 27 34 37 2 3 7 10 1 19 0 0 14 11 15 18 8 9 0 4 13 28 30 31 22 23 25 	1341.0	1746.0	1442	94
21 6 26 5 16 35 20 0 33 12 29 17 24 32 38 0 27 34 37 2 3 7 10 1 19 0 0 14 11 15 18 8 9 0 4 13 28 30 31 22 23 25 	1309.0	1672.0	1397	74
21 6 26 5 16 35 20 0 33 12 29 17 24 32 38 0 27 34 37 2 3 7 10 1 19 0 0 14 11 15 18 8 9 0 4 13 28 30 31 22 23 25 	1309.0	1639.0	1370	68
21 6 26 5 16 35 20 0 33 12 29 17 24 32 38 0 27 34 37 2 3 7 10 1 19 0 0 14 11 15 18 8 9 0 4 13 28 30 31 22 23 25 	1309.0	1575.0	1355	55
21 6 26 5 16 35 20 0 33 12 29 17 24 32 38 0 27 34 37 2 3 7 10 1 19 0 0 14 11 15 18 8 9 0 4 13 28 30 31 22 23 25 	1309.0	1602.0	1340	59
21 6 26 5 16 35 20 0 33 12 29 17 24 32 38 0 27 34 37 2 3 7 10 1 19 0 0 14 11 15 18 8 9 0 4 13 28 30 31 22 23 25 	1309.0	1571.0	1318	40
21 6 26 5 16 35 20 0 33 12 29 17 24 32 38 0 27 34 37 2 3 7 10 1 19 0 0 14 11 15 30 28 13 4 0 9 8 18 31 22 23 25 	1304.0	1589.0	1330	61
21 6 26 5 16 35 20 0 33 12 29 17 24 32 38 0 27 34 37 2 3 7 10 1 19 0 0 14 11 15 30 28 13 4 0 9 8 18 31 22 23 25 	1304.0	1493.0	1315	26
21 6 26 5 16 35 20 0 33 12 29 17 24 32 38 0 27 34 37 2 3 7 10 1 19 0 0 14 11 15 30 28 13 4 0 9 8 18 31 22 23 25 	1304.0	1552.0	1315	32
21 6 26 5 16 35 20 0 33 12 29 17 24 32 38 0 27 34 37 2 3 7 10 1 19 0 0 14 11 15 30 28 13 4 0 9 8 18 31 22 23 25 	1304.0	1553.0	1328	50
21 6 26 5 16 35 20 0 33 12 29 17 24 32 38 0 27 34 37 2 3 7 10 1 19 0 0 14 11 15 30 28 13 4 0 9 8 18 31 22 23 25 	1304.0	1598.0	1333	65
21 6 26 5 16 35 20 0 33 12 29 17 24 32 38 0 27 34 37 2 3 7 10 1 19 0 0 14 11 15 30 28 13 4 0 9 8 18 31 22 23 25 	1304.0	1485.0	1314	35
21 6 26 5 16 35 20 0 33 12 29 17 24 32 38 0 27 34 37 2 3 7 10 1 19 0 0 14 11 15 30 28 13 4 0 9 8 18 31 22 23 25 	1304.0	1594.0	1320	51
21 6 26 5 16 35 20 0 33 12 29 17 24 32 38 0 27 34 37 2 3 7 10 1 19 0 0 14 11 15 30 28 13 4 0 9 8 18 31 22 23 25 	1304.0	1724.0	1319	56
21 6 26 5 16 35 20 0 33 12 29 17 24 32 38 0 27 34 37 2 3 7 10 1 19 0 0 14 11 15 30 28 13 4 0 9 8 18 31 22 23 25 	1304.0	1658.0	1330	71
21 6 26 5 16 35 20 0 33 12 29 17 24 32 38 0 27 34 37 2 3 7 10 1 19 0 0 14 11 15 30 28 13 4 0 9 8 18 31 22 23 25 	1304.0	1708.0	1320	55
21 6 26 5 16 35 20 0 33 12 29 17 24 32 38 0 27 34 37 2 3 7 10 1 19 0 0 14 11 15 30 28 13 4 0 9 8 18 31 22 23 25 	1304.0	1699.0	1329	78
21 6 26 5 16 35 20 0 33 12 29 17 24 32 38 0 27 34 37 2 3 7 10 1 19 0 0 14 11 15 30 28 13 4 0 9 8 18 31 22 23 25 	1304.0	1516.0	1312	33
21 6 26 5 16 35 0 12 33 20 29 17 24 32 38 0 27 34 37 2 3 7 10 1 19 0 0 14 11 15 30 28 13 4 0 9 8 18 31 22 23 25 	1292.0	1562.0	1317	46
21 6 26 5 16 35 0 12 33 20 29 17 24 32 38 0 27 34 37 2 3 7 10 1 19 0 0 14 11 15 30 28 13 4 0 9 8 18 31 22 23 25 	1292.0	1521.0	1310	33
21 6 26 5 16 35 0 12 33 20 29 17 24 32 38 0 27 34 37 2 3 7 10 1 19 0 0 14 11 15 30 28 13 4 0 9 8 18 31 22 23 25 	1292.0	1664.0	1313	56
21 6 26 5 16 35 0 12 33 20 29 17 24 32 38 0 27 34 37 2 3 7 10 1 19 0 0 14 15 11 30 28 13 4 0 9 8 18 31 22 23 25 	1276.0	1535.0	1309	47
21 6 26 5 16 35 0 12 33 20 29 17 24 32 38 0 27 34 37 2 3 7 10 1 19 0 0 14 15 11 30 28 13 4 0 9 8 18 31 22 23 25 	1276.0	1560.0	1305	52
21 6 26 5 16 35 0 12 33 20 29 17 24 32 38 0 27 34 37 2 3 7 10 1 19 0 0 14 15 11 30 28 13 4 0 9 8 18 31 22 23 25 	1276.0	1475.0	1296	34
21 6 26 24 17 29 20 33 0 12 35 16 5 32 38 0 27 34 37 2 3 7 10 1 19 0 0 14 15 11 30 28 13 4 0 9 8 18 31 22 23 25 	1215.0	1502.0	1295	46
21 6 26 24 17 29 20 33 0 12 35 16 5 32 38 0 27 34 37 2 3 7 10 1 19 0 0 14 15 11 30 28 13 4 0 9 8 18 31 22 23 25 	1215.0	1678.0	1301	69
21 6 26 24 17 29 20 33 0 12 35 16 5 32 38 0 27 34 37 2 3 7 10 1 19 0 0 14 15 11 30 28 13 4 0 9 8 18 31 22 23 25 	1215.0	1595.0	1283	62
21 6 26 24 17 35 0 12 33 20 29 16 5 32 38 0 27 34 37 2 3 7 10 1 19 0 0 14 15 11 30 28 13 4 0 9 8 18 31 22 23 25 	1212.0	1592.0	1269	65
21 6 26 24 17 35 0 12 33 20 29 16 5 32 38 0 27 34 37 2 3 7 10 1 19 0 0 14 15 11 30 28 13 4 0 9 8 18 31 22 23 25 	1212.0	1596.0	1242	67
21 6 26 24 17 35 0 12 33 20 29 16 5 32 38 0 27 34 37 2 3 7 10 1 19 0 0 14 15 11 30 28 13 4 0 9 8 18 31 22 23 25 	1212.0	1527.0	1238	67
21 6 26 24 17 35 0 12 33 20 29 16 5 32 38 0 27 34 37 2 3 7 10 1 19 0 0 14 13 28 30 11 15 4 0 9 8 18 31 22 23 25 	1206.0	1502.0	1226	51
21 6 26 24 17 35 0 12 33 20 29 16 5 32 38 0 27 34 37 2 3 7 10 1 19 0 0 14 13 28 30 11 15 4 0 9 8 18 31 22 23 25 	1206.0	1539.0	1222	42
21 6 26 24 17 35 0 12 33 20 29 16 5 32 38 0 27 34 37 2 3 7 10 1 19 0 0 14 13 28 30 11 15 4 0 9 8 18 31 22 23 25 	1206.0	1377.0	1220	28
21 6 26 24 17 35 0 12 33 20 29 16 5 32 38 0 27 34 37 2 3 7 10 1 19 0 0 14 13 28 30 11 15 4 0 9 8 18 31 22 23 25 	1206.0	1479.0	1235	65
21 6 26 24 17 35 0 12 33 20 29 16 5 32 38 0 27 34 37 2 3 7 10 1 19 0 0 14 13 28 30 11 15 4 0 18 8 9 31 22 23 25 	1205.0	1395.0	1221	41
21 6 26 24 17 35 0 12 33 20 29 16 5 32 38 0 27 34 37 2 3 7 10 1 19 0 0 14 13 28 30 11 15 4 0 18 8 9 31 22 23 25 	1205.0	1589.0	1219	46
21 6 26 24 17 35 0 12 33 20 29 16 5 32 38 0 27 34 37 2 3 7 10 1 19 0 0 14 13 28 30 11 15 4 0 18 8 9 31 22 23 25 	1205.0	1536.0	1220	54
21 6 26 24 17 35 0 12 33 20 29 16 5 32 38 0 27 34 37 2 3 7 10 1 19 0 0 14 13 28 30 11 15 4 0 18 8 9 31 22 23 25 	1205.0	1519.0	1212	33
21 6 26 24 17 35 0 12 33 20 29 16 5 32 38 0 27 34 37 2 3 7 10 1 19 0 0 14 13 28 30 11 15 4 0 18 8 9 31 22 23 25 	1205.0	1429.0	1225	49
21 6 26 24 17 35 0 12 33 20 29 16 5 32 38 0 27 34 37 2 3 7 10 1 19 0 0 14 13 28 30 11 15 4 0 18 8 9 31 22 23 25 	1205.0	1406.0	1217	36
21 6 26 24 17 35 0 12 33 20 29 16 5 32 38 0 27 34 37 2 3 7 10 1 19 0 0 14 13 28 30 11 15 4 0 18 8 9 31 22 23 25 	1205.0	1409.0	1220	48
21 6 26 24 17 35 0 12 33 20 29 16 5 32 38 0 27 34 37 2 3 7 10 1 19 0 0 14 13 28 30 11 15 4 0 18 8 9 31 22 23 25 	1205.0	1469.0	1211	33
21 6 26 24 17 35 0 12 33 20 29 16 5 32 38 0 27 34 37 2 3 7 10 1 19 0 0 14 13 28 30 11 15 4 0 18 8 9 31 22 23 25 	1205.0	1589.0	1226	66
21 6 26 24 17 35 0 12 33 20 29 16 5 32 38 0 27 34 37 2 3 7 10 1 19 0 0 14 13 28 30 11 15 4 0 18 8 9 31 22 23 25 	1205.0	1545.0	1222	53
21 6 26 17 24 35 0 12 33 20 29 16 5 32 38 0 27 34 37 2 3 7 10 1 19 0 0 14 13 28 30 11 15 4 0 18 8 9 31 22 23 25 	1170.0	1468.0	1213	42
21 6 26 17 24 35 0 12 33 20 29 16 5 32 38 0 27 34 37 2 3 7 10 1 19 0 0 14 13 28 30 11 15 4 0 18 8 9 31 22 23 25 	1170.0	1510.0	1220	53
21 6 26 17 24 35 0 12 33 20 29 16 5 32 38 0 27 34 37 2 3 7 10 1 19 0 0 14 13 28 30 11 15 4 0 18 8 9 31 22 23 25 	1170.0	1477.0	1220	52
21 6 26 17 24 35 0 12 33 20 29 16 5 32 38 0 27 34 37 2 3 7 10 1 19 0 0 14 13 28 30 11 15 4 0 18 8 9 31 22 23 25 	1170.0	1307.0	1195	24
21 6 26 17 24 35 0 12 33 20 29 16 5 32 38 0 27 34 37 2 3 7 10 1 19 0 0 14 13 28 30 11 15 4 0 18 8 9 31 22 23 25 	1170.0	1467.0	1187	51
21 6 26 17 24 35 0 12 33 20 29 16 5 32 38 0 27 34 37 2 3 7 10 1 19 0 0 14 13 28 30 11 15 4 0 18 8 9 31 22 23 25 	1170.0	1482.0	1178	39
21 6 26 17 24 35 0 12 33 20 29 16 5 32 38 0 27 34 37 2 3 7 10 1 19 0 0 14 13 28 30 11 15 4 0 18 8 9 31 22 23 25 	1170.0	1503.0	1184	53
21 6 26 17 24 35 0 12 33 20 29 16 5 32 38 0 27 34 37 2 3 7 10 1 19 0 0 14 13 28 30 11 15 4 0 18 8 9 31 22 23 25 	1170.0	1378.0	1176	31
21 6 26 17 24 35 0 12 33 20 29 16 5 32 38 0 27 34 37 2 3 7 10 1 19 0 0 14 13 28 30 11 15 4 0 18 8 9 31 22 23 25 	1170.0	1417.0	1179	40
21 6 26 17 24 35 0 12 33 20 29 16 5 32 38 0 27 34 37 2 3 7 10 1 19 0 0 14 13 28 30 11 15 4 0 18 8 9 31 22 23 25 	1170.0	1467.0	1198	69
21 6 26 17 24 35 0 12 33 20 29 16 5 32 38 0 27 34 37 2 3 7 10 1 19 0 0 14 13 28 30 11 15 4 0 18 8 9 31 22 23 25 	1170.0	1532.0	1182	47
21 6 26 17 24 35 0 12 33 20 29 16 5 32 38 0 27 34 37 2 3 7 10 1 19 0 0 14 13 28 30 11 15 4 0 18 8 9 31 22 23 25 	1170.0	1518.0	1190	65
21 6 26 17 24 35 0 12 33 20 29 16 5 32 38 0 27 34 37 2 3 7 10 1 19 0 0 14 13 28 30 11 15 4 0 18 8 9 31 22 23 25 	1170.0	1532.0	1196	75
