21 35 36 28 25 9 0 23 27 1 15 26 14 0 12 29 11 8 19 31 5 22 37 0 17 34 30 32 3 24 18 13 6 0 2 33 16 7 38 4 10 20 	1923.0	2548.0	2181	997
7 37 34 20 3 10 15 14 1 0 5 19 18 31 24 4 0 35 9 8 27 30 12 0 6 21 26 36 11 17 38 16 29 0 28 13 23 32 22 2 0 33 25 	1821.0	2330.0	2050	102
38 8 27 37 24 25 18 17 11 20 0 19 15 2 35 13 36 0 26 31 32 4 5 23 29 0 33 12 0 14 3 16 10 9 0 22 1 7 30 28 6 21 	1705.0	2289.0	1971	116
38 8 27 37 24 25 18 17 11 0 19 0 15 2 35 13 36 26 31 0 32 4 5 23 29 33 0 12 30 14 3 16 10 9 0 22 1 7 20 28 6 21 	1675.0	2283.0	1903	113
38 8 27 37 24 25 18 17 11 20 0 19 15 2 35 13 36 0 26 31 32 4 5 23 29 0 33 12 0 14 3 16 10 9 0 22 1 7 30 28 6 21 	1705.0	2189.0	1865	100
1 10 34 37 35 32 18 0 6 3 20 22 15 26 24 0 19 25 23 31 33 12 7 4 0 29 38 36 17 2 5 16 8 30 0 28 0 13 11 21 9 14 	1582.0	2145.0	1843	103
1 10 34 37 35 32 18 0 6 3 20 22 15 26 24 0 19 25 23 31 33 12 7 4 0 29 38 36 17 2 5 16 8 30 0 28 0 13 11 21 9 14 	1582.0	2131.0	1803	106
1 10 34 37 35 32 18 0 6 3 20 22 15 26 24 0 19 25 23 31 33 12 7 4 0 29 38 36 17 2 5 16 8 30 0 28 21 13 11 0 9 14 	1549.0	2040.0	1790	106
1 10 34 37 35 32 18 0 6 3 20 22 15 26 24 0 19 25 23 31 33 12 7 4 0 29 38 36 30 2 5 16 8 0 9 28 13 17 11 21 0 14 	1503.0	2029.0	1740	103
1 10 34 37 35 32 18 0 6 3 20 22 15 26 24 0 19 25 23 31 33 12 7 4 0 29 38 36 17 2 5 16 8 30 0 28 13 9 11 21 0 14 	1484.0	1950.0	1676	99
1 10 34 37 35 32 18 0 6 26 15 22 20 3 24 0 19 25 23 31 33 12 7 4 0 29 38 36 17 2 5 16 8 30 0 28 13 9 11 21 0 14 	1437.0	1969.0	1617	104
1 10 34 37 35 32 18 0 6 26 15 22 20 3 24 0 19 25 23 31 33 12 7 38 29 0 14 36 30 2 5 16 0 8 9 28 13 17 11 21 0 4 	1437.0	1834.0	1526	65
1 10 34 37 35 32 18 0 6 26 15 22 20 3 24 0 19 25 23 31 33 12 7 38 29 0 14 36 30 2 5 16 0 8 9 28 13 17 11 21 0 4 	1437.0	1781.0	1523	77
1 10 34 37 35 32 18 0 6 26 15 22 20 3 24 0 19 25 23 31 33 12 7 4 0 29 38 36 17 2 5 16 0 14 0 21 11 9 13 28 30 8 	1401.0	1870.0	1519	94
1 10 34 37 35 32 18 0 6 26 15 22 20 3 24 0 19 25 23 31 33 12 7 4 0 29 38 36 17 2 5 16 0 14 0 21 11 9 13 28 30 8 	1401.0	1735.0	1475	56
1 10 34 37 35 32 29 38 18 0 4 7 12 33 31 23 25 19 0 24 3 20 22 15 26 6 0 36 17 2 5 16 0 14 0 21 11 9 13 28 30 8 	1344.0	1735.0	1460	66
1 10 34 37 35 32 29 38 18 0 4 7 12 33 31 23 25 19 0 24 3 20 22 15 26 6 0 36 17 2 5 16 0 14 0 21 11 9 13 28 30 8 	1344.0	1612.0	1436	41
1 10 34 37 35 32 29 38 18 0 4 7 12 33 31 23 25 19 0 24 3 20 22 15 26 6 0 36 17 2 5 16 0 14 0 21 11 9 13 28 30 8 	1344.0	1821.0	1435	84
1 10 34 37 35 32 29 38 18 0 4 7 12 33 31 23 25 19 0 24 3 20 22 15 26 6 0 36 17 2 5 16 0 14 0 21 11 9 13 28 30 8 	1344.0	1764.0	1410	75
1 10 34 37 35 32 29 38 18 0 4 7 12 33 31 23 25 19 0 24 3 20 22 15 26 6 0 36 17 2 5 16 0 14 0 21 11 9 13 28 30 8 	1344.0	1730.0	1389	79
1 10 34 37 35 32 29 38 18 0 4 7 12 33 31 23 25 19 0 24 3 20 22 15 26 6 0 36 17 2 5 16 0 14 0 21 11 9 13 28 30 8 	1344.0	1593.0	1354	42
1 10 34 37 35 32 29 38 18 0 4 7 12 33 31 23 25 19 0 24 3 20 22 15 26 6 0 36 17 2 5 16 0 14 0 21 11 9 13 28 30 8 	1344.0	1583.0	1355	38
1 10 34 37 35 32 29 38 18 0 4 7 12 33 31 23 25 19 0 24 3 20 22 15 9 11 21 0 0 14 16 5 2 17 0 36 6 26 13 28 30 8 	1288.0	1675.0	1355	49
1 10 34 37 35 32 29 38 18 0 4 7 22 20 3 24 19 25 0 23 31 33 12 15 9 11 0 36 17 2 5 16 0 14 0 21 6 26 13 28 30 8 	1287.0	1666.0	1360	56
1 10 34 37 35 32 29 38 18 0 4 7 22 20 3 24 19 25 0 23 31 33 12 15 9 11 0 36 17 2 5 16 0 14 0 21 6 26 13 28 30 8 	1287.0	1533.0	1355	48
1 10 34 37 35 32 29 38 18 0 4 7 22 20 3 24 19 25 0 23 31 33 12 15 9 11 0 36 17 2 5 16 0 14 0 21 6 26 13 28 30 8 	1287.0	1570.0	1357	57
1 10 34 37 35 32 29 38 18 0 4 7 22 20 3 24 19 25 0 23 31 33 12 15 9 11 21 0 0 14 16 5 2 17 0 36 6 26 13 28 30 8 	1264.0	1618.0	1355	77
1 10 34 37 35 32 29 38 18 0 4 7 22 20 3 24 19 25 0 23 31 33 12 15 9 11 21 0 0 14 16 5 2 17 0 36 6 26 13 28 30 8 	1264.0	1569.0	1309	47
1 10 34 37 35 32 29 38 18 0 4 7 22 20 3 24 25 19 0 23 31 33 12 15 9 11 21 0 0 14 16 5 2 17 0 36 6 26 13 28 30 8 	1253.0	1538.0	1295	50
1 10 34 37 35 32 29 38 18 0 4 7 22 20 3 24 25 19 0 23 31 33 12 15 9 11 21 0 0 14 16 5 2 17 0 36 6 26 13 28 30 8 	1253.0	1558.0	1293	72
1 10 34 37 35 32 29 38 18 0 4 7 22 20 3 24 19 25 0 23 31 33 12 14 0 21 11 0 9 15 16 5 2 17 0 36 6 26 13 28 30 8 	1242.0	1382.0	1267	22
1 10 34 37 35 32 29 38 18 0 4 7 22 20 3 24 25 19 0 23 31 33 12 14 0 21 11 0 9 15 16 5 2 17 0 36 6 26 13 28 30 8 	1231.0	1440.0	1267	32
1 10 34 37 35 32 29 38 18 0 4 7 22 20 3 24 25 19 0 23 31 33 12 14 0 11 21 0 9 15 16 5 2 17 0 36 6 26 13 28 30 8 	1231.0	1598.0	1263	45
1 10 34 37 35 32 29 38 18 0 4 15 9 11 21 0 14 0 12 33 31 23 25 19 24 3 20 0 22 7 16 5 2 17 0 36 6 26 13 28 30 8 	1209.0	1426.0	1255	37
1 10 34 37 35 32 29 38 18 0 4 20 22 7 3 24 25 19 0 23 31 33 12 14 0 21 11 0 9 15 16 5 2 17 0 36 6 26 13 28 30 8 	1161.0	1357.0	1239	24
1 10 34 37 35 32 29 38 18 0 4 20 22 7 3 24 25 19 0 23 31 33 12 14 0 21 11 0 9 15 16 5 2 17 0 36 6 26 13 28 30 8 	1161.0	1568.0	1250	70
1 10 34 37 35 32 29 38 18 0 4 20 22 7 3 24 25 19 0 23 31 33 12 14 0 21 11 0 9 15 16 5 2 17 0 36 6 26 13 28 30 8 	1161.0	1523.0	1249	76
1 10 34 37 35 32 29 38 18 0 4 20 22 7 3 24 25 19 0 23 31 33 12 9 11 21 0 0 14 15 16 5 2 17 0 36 6 26 13 28 30 8 	1138.0	1513.0	1209	71
1 10 34 37 35 32 29 38 18 0 4 20 22 7 3 24 25 19 0 23 31 33 12 9 11 21 0 0 14 15 16 5 2 17 0 36 6 26 13 28 30 8 	1138.0	1557.0	1184	66
1 10 3 7 22 20 4 18 0 38 29 32 35 37 34 24 25 19 0 23 31 33 12 14 0 21 11 0 9 15 16 5 2 17 0 36 6 26 13 28 30 8 	1131.0	1431.0	1173	43
1 10 3 7 22 20 4 18 0 38 29 32 35 37 34 24 25 19 0 23 31 33 12 9 11 21 0 0 14 15 16 5 2 17 0 36 6 26 13 28 30 8 	1108.0	1402.0	1165	46
1 10 3 7 22 20 4 18 0 38 29 32 35 37 34 24 25 19 0 23 31 33 12 9 11 21 0 0 14 15 16 5 2 17 0 36 6 26 13 28 30 8 	1108.0	1360.0	1155	46
1 10 5 16 15 14 0 21 0 11 9 12 33 31 23 19 25 0 24 34 37 35 32 29 38 18 0 4 20 22 7 3 2 17 0 36 6 26 13 28 30 8 	1083.0	1310.0	1144	47
1 10 5 16 15 14 0 21 0 11 9 12 33 31 23 19 25 0 24 34 37 35 32 29 38 18 0 4 20 22 7 3 2 17 0 36 6 26 13 28 30 8 	1083.0	1390.0	1132	58
1 10 3 7 22 32 29 38 18 0 4 20 35 37 34 24 25 19 0 23 31 33 12 9 11 21 0 0 14 15 16 5 2 17 0 36 6 26 13 28 30 8 	1083.0	1300.0	1126	47
1 10 3 7 22 32 29 38 18 0 4 20 35 37 34 24 25 19 0 23 31 33 12 9 11 21 0 0 14 15 16 5 2 17 0 36 6 26 13 28 30 8 	1083.0	1393.0	1132	71
1 10 5 16 15 20 4 0 18 38 29 32 35 37 34 24 0 25 19 23 31 33 12 9 11 21 0 0 14 22 7 3 2 17 0 36 6 26 13 28 30 8 	1080.0	1404.0	1128	72
1 10 5 16 15 20 4 0 18 38 29 32 35 37 34 24 0 25 19 23 31 33 12 9 11 21 0 0 14 22 7 3 2 17 0 36 6 26 13 28 30 8 	1080.0	1556.0	1141	102
1 10 5 16 15 20 4 0 18 38 29 32 35 37 34 24 0 25 19 23 31 33 12 9 11 21 0 0 14 22 7 3 2 17 0 36 6 26 13 28 30 8 	1080.0	1332.0	1113	59
1 10 5 16 15 20 4 0 18 38 29 32 35 37 34 24 0 25 19 23 31 33 12 9 11 21 0 0 14 22 7 3 2 17 0 36 6 26 13 28 30 8 	1080.0	1478.0	1155	113
1 10 5 16 15 14 0 0 18 38 29 32 35 37 34 24 0 25 19 23 31 33 12 9 11 21 0 4 20 22 7 3 2 17 0 36 6 26 13 28 30 8 	1071.0	1342.0	1107	59
1 10 5 16 15 14 0 0 18 38 29 32 35 37 34 24 0 25 19 23 31 33 12 9 11 21 0 4 20 22 7 3 2 17 0 36 6 26 13 28 30 8 	1071.0	1331.0	1098	51
1 10 5 16 15 14 0 0 18 38 29 32 35 37 34 24 0 25 19 23 31 33 12 9 11 21 0 4 20 22 7 3 2 17 0 36 6 26 13 28 30 8 	1071.0	1363.0	1100	56
1 10 5 16 15 14 0 0 18 38 29 32 35 37 34 24 0 25 19 23 31 33 12 9 11 21 0 4 20 22 7 3 2 17 0 36 6 26 13 28 30 8 	1071.0	1456.0	1096	64
1 10 5 16 15 14 0 0 18 38 29 32 35 37 34 24 0 25 19 23 31 33 12 9 11 21 0 4 20 22 7 3 2 17 0 36 6 26 13 28 30 8 	1071.0	1276.0	1081	36
1 10 5 16 15 14 0 0 18 38 29 32 35 37 34 24 0 25 19 23 31 33 12 9 11 21 0 4 20 22 7 3 2 17 0 36 6 26 13 28 30 8 	1071.0	1433.0	1092	70
1 10 5 16 32 29 38 18 0 0 14 15 35 37 34 24 0 25 19 23 31 33 12 9 11 21 0 4 20 22 7 3 2 17 0 36 6 26 13 28 30 8 	1067.0	1264.0	1082	34
1 10 5 16 32 29 38 18 0 0 14 15 35 37 34 24 0 25 19 23 31 33 12 9 11 21 0 4 20 22 7 3 2 17 0 36 6 26 13 28 30 8 	1067.0	1432.0	1083	45
1 10 5 16 15 14 0 0 18 38 29 32 3 7 22 20 4 0 21 11 9 12 33 31 23 19 25 0 24 34 37 35 2 17 0 36 6 26 13 28 30 8 	1050.0	1317.0	1089	53
1 10 5 16 15 14 0 0 18 38 29 32 3 7 22 20 4 0 21 11 9 12 33 31 23 19 25 0 24 34 37 35 2 17 0 36 6 26 13 28 30 8 	1050.0	1374.0	1084	46
1 10 5 16 15 14 0 0 18 38 29 32 3 7 22 20 4 0 21 11 9 12 33 31 23 19 25 0 24 34 37 35 2 17 0 36 6 26 13 28 30 8 	1050.0	1560.0	1090	74
1 10 5 16 15 14 0 0 18 38 29 32 3 7 22 20 25 19 0 23 31 33 12 9 11 21 4 0 24 34 37 35 2 17 0 36 6 26 13 28 30 8 	1034.0	1466.0	1080	52
1 10 5 16 15 14 0 0 18 38 29 32 3 7 22 20 25 19 0 23 31 33 12 9 11 21 4 0 24 34 37 35 2 17 0 36 6 26 13 28 30 8 	1034.0	1359.0	1079	55
1 10 5 16 15 14 0 0 18 38 29 32 3 7 22 20 25 19 0 23 31 33 12 9 11 21 4 0 24 34 37 35 2 17 0 36 6 26 13 28 30 8 	1034.0	1274.0	1065	41
1 10 5 16 15 14 0 0 18 38 29 32 3 7 22 20 25 19 0 23 31 33 12 9 11 21 4 0 24 34 37 35 2 17 0 36 6 26 13 28 30 8 	1034.0	1395.0	1062	61
1 10 5 16 15 14 0 0 18 38 29 32 22 7 3 20 25 19 0 23 31 33 12 9 11 21 4 0 24 34 37 35 2 17 0 36 6 26 13 28 30 8 	1031.0	1196.0	1045	28
1 10 5 16 15 14 0 0 18 38 29 32 22 7 3 20 25 19 0 23 31 33 12 9 11 21 4 0 24 34 37 35 2 17 0 36 6 26 13 28 30 8 	1031.0	1295.0	1053	54
1 10 5 16 15 14 0 0 18 38 29 32 22 7 3 20 25 19 0 23 31 33 12 9 11 21 4 0 24 34 37 35 2 17 0 36 6 26 13 28 30 8 	1031.0	1400.0	1049	55
1 10 5 16 15 14 0 0 18 38 29 32 22 7 3 20 25 19 0 23 31 33 12 9 11 21 4 0 24 34 37 35 2 17 0 36 6 26 13 28 30 8 	1031.0	1377.0	1060	71
1 10 5 16 15 14 0 0 18 38 29 32 22 7 3 20 25 19 0 23 31 33 12 9 11 21 4 0 24 34 37 35 2 17 0 36 6 26 13 28 30 8 	1031.0	1526.0	1054	76
1 10 5 16 15 14 0 0 18 38 29 32 22 7 3 20 25 19 0 23 31 33 12 9 11 21 4 0 24 34 37 35 2 17 0 36 6 26 13 28 30 8 	1031.0	1381.0	1042	58
1 10 5 16 15 14 0 0 18 38 29 32 22 7 3 20 25 19 0 23 31 33 12 9 11 21 4 0 24 34 37 35 2 17 0 36 6 26 13 28 30 8 	1031.0	1450.0	1051	69
1 10 5 16 15 14 0 0 18 38 29 32 22 7 3 20 23 0 19 25 31 33 12 9 11 21 4 0 24 34 37 35 2 17 0 36 6 26 13 28 30 8 	1020.0	1264.0	1037	28
1 10 5 16 15 14 0 0 18 38 29 32 22 7 3 20 25 19 0 23 31 33 12 9 11 21 4 0 24 34 37 35 2 17 0 36 26 6 13 28 30 8 	1017.0	1373.0	1051	64
1 10 5 16 15 14 0 0 18 38 29 32 22 7 3 20 25 19 0 23 31 33 12 9 11 21 4 0 24 34 37 35 2 17 0 36 26 6 13 28 30 8 	1017.0	1414.0	1040	49
1 10 5 16 15 14 0 0 18 38 29 32 22 7 3 20 31 23 0 19 25 33 12 9 11 21 4 0 24 34 37 35 2 17 0 36 6 26 13 28 30 8 	1005.0	1277.0	1037	44
1 10 5 16 15 14 0 0 18 38 29 32 22 7 3 20 31 23 0 19 25 33 12 9 11 21 4 0 24 34 37 35 2 17 0 36 6 26 13 28 30 8 	1005.0	1319.0	1040	68
1 10 5 16 15 14 0 0 18 38 29 32 22 7 3 20 31 23 0 19 25 33 12 9 11 21 4 0 24 34 37 35 2 17 0 36 26 6 13 28 30 8 	991.0	1292.0	1036	65
1 16 5 10 15 14 0 0 18 38 29 32 22 7 3 20 31 23 0 19 25 33 12 9 11 21 4 0 24 34 37 35 2 17 0 36 26 6 13 28 30 8 	988.0	1335.0	1019	53
1 5 16 10 15 14 0 0 18 38 29 32 22 7 3 20 31 23 0 19 25 33 12 9 11 21 4 0 24 34 37 35 2 17 0 36 26 6 13 28 30 8 	982.0	1432.0	1019	66
1 5 16 10 15 14 0 0 18 38 29 32 22 7 3 20 31 23 0 19 25 33 12 9 11 21 4 0 24 34 37 35 2 17 0 36 26 6 13 28 30 8 	982.0	1272.0	1008	51
1 5 16 10 15 14 0 0 18 38 29 32 22 7 3 20 31 23 0 19 25 33 12 9 11 21 4 0 24 34 37 35 2 17 0 36 26 6 13 28 30 8 	982.0	1146.0	991	17
1 5 16 10 15 14 0 0 18 38 29 32 22 7 3 20 31 23 0 19 25 33 12 9 11 21 4 0 24 34 37 35 2 17 0 36 26 6 13 28 30 8 	982.0	1219.0	998	44
1 5 16 10 15 14 0 0 18 38 29 32 22 7 3 20 31 23 0 19 25 33 12 9 11 21 4 0 24 34 37 35 2 17 0 36 26 6 13 28 30 8 	982.0	1288.0	996	53
1 5 16 10 15 14 0 0 18 38 29 32 22 7 3 20 31 23 0 19 25 33 12 9 11 21 4 0 24 34 37 35 2 17 0 36 26 6 13 28 30 8 	982.0	1246.0	996	49
1 5 16 10 15 14 0 0 18 38 29 32 22 7 3 20 31 23 0 19 25 33 12 9 11 21 4 0 24 34 37 35 2 17 0 36 26 6 13 28 30 8 	982.0	1239.0	1001	54
1 5 16 10 15 14 0 0 18 38 29 32 22 7 3 20 31 23 0 19 25 33 12 9 11 21 4 0 24 34 37 35 2 17 0 36 26 6 13 28 30 8 	982.0	1266.0	996	43
1 5 16 10 15 14 0 0 18 38 29 32 22 7 3 20 31 23 0 19 25 33 12 9 11 21 4 0 24 34 37 35 2 17 0 36 26 6 13 28 30 8 	982.0	1220.0	990	36
1 5 16 10 15 14 0 0 18 38 29 32 22 7 3 20 31 23 0 19 25 33 12 9 11 21 4 0 24 34 37 35 2 17 0 36 26 6 13 28 30 8 	982.0	1227.0	995	49
1 5 16 10 15 14 0 0 18 38 29 32 22 7 3 20 31 23 0 19 25 33 12 9 11 21 4 0 24 34 37 35 2 17 0 36 26 6 13 28 30 8 	982.0	1233.0	997	47
1 5 16 10 15 14 0 0 18 38 29 32 22 7 3 20 31 23 0 19 25 33 12 9 11 21 4 0 24 34 37 35 2 17 0 36 26 6 13 28 30 8 	982.0	1293.0	989	38
1 5 16 10 15 14 0 0 18 38 29 32 7 22 3 20 31 23 0 19 25 33 12 9 11 21 4 0 24 34 37 35 2 17 0 36 26 6 13 28 30 8 	973.0	1325.0	1011	72
1 5 16 10 15 14 0 0 18 38 29 32 7 22 3 20 31 23 0 19 25 33 12 9 11 21 4 0 24 34 37 35 2 17 0 36 26 6 13 28 30 8 	973.0	1491.0	1006	78
1 5 16 10 15 14 0 0 18 38 29 32 7 22 3 20 31 23 0 19 25 33 12 9 11 21 4 0 24 34 37 35 2 17 0 36 26 6 13 28 30 8 	973.0	1389.0	1002	71
1 5 16 10 15 14 0 0 18 38 29 32 7 22 3 20 31 23 0 19 25 33 12 9 11 21 4 0 24 34 37 35 2 17 0 36 26 6 13 28 30 8 	973.0	1375.0	1002	63
1 5 16 10 15 14 0 0 18 38 31 20 7 22 3 32 29 23 0 19 25 33 12 9 11 21 4 0 24 34 37 35 2 17 0 36 26 6 13 28 30 8 	967.0	1240.0	986	36
1 5 16 10 15 14 0 0 18 38 31 20 7 22 3 32 29 23 0 19 25 33 12 9 11 21 4 0 24 34 37 35 2 17 0 36 26 6 13 28 30 8 	967.0	1381.0	999	75
1 5 16 10 15 14 0 0 18 38 31 20 7 22 3 32 29 23 0 19 25 33 12 9 11 21 4 0 24 34 37 35 2 17 0 36 26 6 13 28 30 8 	967.0	1286.0	992	62
1 5 16 10 15 14 0 0 18 38 31 20 7 22 3 32 29 23 0 19 25 33 12 9 11 21 4 0 24 34 37 35 2 17 0 36 26 6 13 28 30 8 	967.0	1467.0	987	67
1 5 16 10 15 14 0 0 18 38 31 20 7 22 3 32 29 23 0 19 25 33 12 9 11 21 4 0 24 34 37 35 2 17 0 36 26 6 13 28 30 8 	967.0	1168.0	976	34
1 5 16 10 15 14 0 4 21 11 9 12 33 25 19 0 23 29 32 3 22 7 20 31 38 18 0 0 24 34 37 35 2 17 0 36 26 6 28 13 30 8 	958.0	1167.0	975	33
