19 35 16 4 0 20 1 32 28 2 3 5 0 31 34 6 17 10 0 24 9 8 15 11 33 0 29 36 7 14 23 26 0 18 22 13 30 21 25 12 0 27 	1925.0	2585.0	2225	1100
30 35 0 24 8 10 12 32 18 0 36 21 31 5 33 6 0 17 20 9 19 25 26 34 0 16 14 27 29 4 1 7 2 28 0 13 23 3 15 11 0 	1853.0	2503.0	2101	111
19 33 23 25 2 17 3 0 0 29 36 9 1 16 24 0 35 7 28 5 0 13 18 20 27 6 21 0 34 31 15 32 26 0 22 10 12 11 8 4 14 	1842.0	2413.0	2068	115
19 33 23 25 2 17 3 0 0 29 36 9 1 16 24 0 35 7 28 5 0 13 18 20 27 6 21 0 34 31 15 32 26 0 22 10 12 11 8 4 14 	1842.0	2204.0	2002	94
19 33 23 25 2 21 3 0 0 29 36 9 1 16 24 0 35 7 28 5 0 13 18 20 8 6 4 0 34 31 14 10 26 27 0 22 11 32 15 12 17 	1668.0	2324.0	1970	120
19 33 23 25 2 21 3 0 0 29 36 9 1 16 24 0 35 7 28 5 0 13 18 20 8 6 4 0 34 31 14 10 26 27 0 22 11 32 15 12 17 	1668.0	2149.0	1868	96
30 35 0 24 8 31 21 28 0 0 13 16 5 1 33 6 18 0 3 9 19 25 26 34 20 0 29 36 7 14 15 27 0 2 4 10 12 11 23 22 17 	1618.0	2151.0	1858	115
30 35 0 24 8 10 21 32 0 0 13 31 3 5 33 0 6 17 20 9 19 25 26 0 34 16 29 36 7 14 0 18 1 2 28 15 23 11 22 12 4 	1548.0	2118.0	1787	107
30 35 0 24 8 10 21 32 0 0 13 31 3 5 33 0 6 17 20 9 19 25 26 0 34 16 29 36 7 14 0 18 1 2 28 15 23 11 22 12 4 	1548.0	2147.0	1743	101
30 35 0 24 8 10 21 32 0 0 13 31 3 5 33 0 6 17 20 9 19 25 26 0 34 16 29 36 7 14 0 18 1 2 28 15 23 11 22 12 4 	1548.0	1961.0	1691	83
30 35 0 24 8 10 21 32 0 0 13 31 3 5 33 0 6 17 20 9 19 25 36 0 29 16 34 26 7 14 0 18 1 2 28 15 23 11 22 12 4 	1538.0	1954.0	1663	93
30 35 0 24 8 31 21 32 0 0 13 10 3 5 33 0 6 17 20 9 19 25 26 0 34 16 29 36 7 14 0 18 1 2 28 15 12 11 22 23 4 	1517.0	2048.0	1620	82
30 35 0 24 8 31 21 32 0 0 13 10 3 5 33 0 6 17 20 9 19 25 36 0 29 16 34 26 7 14 0 18 1 2 28 15 12 11 22 23 4 	1507.0	1876.0	1584	69
30 35 0 24 8 10 21 32 0 0 13 31 3 5 33 0 6 17 20 9 19 25 36 0 29 16 34 26 7 14 0 18 1 2 28 15 12 11 22 23 4 	1508.0	1901.0	1574	96
30 35 0 24 8 31 21 32 0 0 13 10 3 5 33 0 6 17 20 9 19 25 36 0 29 16 34 26 7 14 0 18 1 2 28 15 12 11 22 23 4 	1507.0	1731.0	1539	45
30 35 0 24 8 10 21 32 0 0 13 31 33 5 3 0 6 17 20 9 19 25 36 0 29 16 34 26 7 14 0 18 1 2 28 15 12 11 22 23 4 	1496.0	1809.0	1538	72
30 35 0 24 8 10 21 32 0 0 13 31 33 5 3 0 6 17 20 9 19 25 36 0 29 16 34 26 7 14 0 18 1 2 28 15 12 11 22 23 4 	1496.0	1822.0	1512	36
26 34 16 29 36 0 7 14 25 19 9 20 17 6 0 3 5 33 31 13 0 0 32 21 10 8 24 0 35 30 18 0 1 2 28 15 12 11 22 23 4 	1483.0	1755.0	1534	61
30 35 0 24 25 19 9 20 17 6 0 3 5 33 31 13 0 0 32 21 10 8 36 0 29 16 34 26 7 14 0 18 1 2 28 15 12 11 22 23 4 	1456.0	1876.0	1550	108
30 35 0 24 25 19 9 20 17 6 0 3 5 33 31 13 0 0 32 21 10 8 36 0 29 16 34 26 7 14 0 18 1 2 28 15 12 11 22 23 4 	1456.0	1818.0	1521	74
26 34 16 29 36 0 7 14 25 19 31 20 17 6 0 3 5 33 9 13 0 0 32 21 10 8 24 0 35 30 18 0 1 2 28 15 12 11 22 23 4 	1438.0	1796.0	1524	88
26 34 16 29 36 0 7 14 25 19 31 20 17 6 0 3 5 33 9 13 0 0 32 21 10 8 24 0 35 30 18 0 1 2 28 15 12 11 22 23 4 	1438.0	1849.0	1532	112
26 34 16 29 36 0 7 14 25 19 31 20 17 6 0 3 5 33 9 13 0 0 32 21 10 8 24 0 35 30 18 0 1 2 28 23 22 11 12 15 4 	1365.0	1908.0	1510	104
26 34 16 29 36 0 7 14 25 19 31 20 17 6 0 3 5 33 9 13 0 0 32 21 10 8 24 0 35 30 18 0 1 2 28 23 22 11 12 15 4 	1365.0	1860.0	1484	105
26 34 16 29 36 0 7 14 25 19 31 20 17 6 0 3 5 33 9 13 0 0 32 21 10 8 24 0 35 30 18 0 1 2 28 23 22 11 12 15 4 	1365.0	1970.0	1467	107
26 34 16 29 36 0 7 14 25 13 31 20 17 0 6 3 5 33 9 19 0 0 32 21 10 8 24 0 35 30 18 0 1 2 28 23 22 11 12 15 4 	1334.0	1829.0	1432	94
26 34 16 29 36 0 7 14 25 13 31 20 17 0 6 3 5 33 9 19 0 0 32 21 10 8 24 0 35 30 18 0 1 2 28 23 22 11 12 15 4 	1334.0	1712.0	1379	56
26 34 16 29 36 0 7 14 25 13 31 20 17 0 6 3 5 33 9 19 0 0 32 21 10 8 24 0 35 30 18 0 1 2 28 23 22 11 12 15 4 	1334.0	1643.0	1373	49
26 34 16 29 36 0 7 14 25 13 31 6 0 17 20 3 5 33 9 19 0 0 32 21 10 8 24 0 35 30 18 0 1 2 28 23 22 11 12 15 4 	1325.0	1735.0	1354	42
26 34 16 29 36 0 7 14 25 13 31 6 0 17 20 3 5 33 9 19 0 0 32 21 10 8 24 0 35 30 18 0 1 2 28 23 22 11 12 15 4 	1325.0	1694.0	1357	61
26 34 16 29 36 0 7 14 25 13 31 6 0 17 20 3 5 33 9 19 0 0 32 21 10 8 24 0 35 30 18 0 1 2 28 23 22 11 12 15 4 	1325.0	1701.0	1347	64
26 34 16 29 36 0 7 14 25 13 31 6 0 17 20 3 5 33 9 19 0 0 32 10 21 8 24 0 35 30 18 0 1 2 28 23 22 11 12 15 4 	1275.0	1715.0	1350	88
26 34 16 29 36 0 7 14 25 13 31 6 0 17 20 3 5 33 9 19 0 0 32 10 21 8 24 0 35 30 18 0 1 2 28 23 22 11 12 15 4 	1275.0	1773.0	1346	79
26 34 16 29 36 0 7 14 25 13 31 6 0 17 20 3 5 33 9 19 0 0 32 10 21 8 24 0 35 30 18 0 1 2 28 23 22 11 12 15 4 	1275.0	1587.0	1329	59
26 34 16 29 36 0 7 14 25 13 31 6 0 17 20 3 5 33 9 19 0 0 32 10 21 8 24 0 35 30 18 0 1 2 28 23 22 11 12 15 4 	1275.0	1779.0	1319	91
26 34 16 29 36 0 7 14 25 13 31 6 0 17 20 3 5 33 9 19 0 0 32 10 21 8 24 0 35 30 18 0 1 2 28 23 22 11 12 15 4 	1275.0	1689.0	1285	54
26 34 16 29 36 0 7 14 25 13 31 6 0 17 20 3 5 33 9 19 0 0 32 10 21 8 24 0 35 30 18 0 1 2 28 23 22 11 12 15 4 	1275.0	1589.0	1294	61
26 34 16 29 36 0 7 14 25 13 31 6 0 17 20 3 5 33 9 19 0 0 32 10 21 8 24 0 35 30 18 0 1 2 28 23 22 11 12 15 4 	1275.0	1660.0	1294	69
26 34 16 29 36 0 7 14 25 13 31 6 0 17 20 3 5 33 9 19 0 0 32 10 21 8 24 0 35 30 18 0 1 2 28 23 22 11 12 15 4 	1275.0	1740.0	1299	82
26 34 16 29 36 0 7 14 25 13 31 6 0 17 20 3 5 33 9 19 0 0 32 10 21 8 24 0 35 30 18 0 1 2 28 23 22 11 12 15 4 	1275.0	1630.0	1284	45
26 34 16 29 36 0 7 14 25 13 31 6 0 17 20 3 5 33 9 19 0 0 32 10 21 8 24 0 35 30 18 0 1 2 28 23 22 11 12 15 4 	1275.0	1698.0	1292	61
26 34 16 29 36 0 7 14 25 13 31 6 0 17 20 3 5 33 9 19 0 0 32 10 21 8 24 0 35 30 18 0 1 2 28 23 22 11 12 15 4 	1275.0	1695.0	1290	68
26 34 16 29 36 0 7 14 25 13 31 6 0 17 20 3 5 33 9 19 0 0 32 10 21 8 24 0 35 30 18 0 1 2 28 23 22 11 12 15 4 	1275.0	1661.0	1286	54
26 34 16 29 36 0 7 17 6 31 13 25 0 14 20 3 5 33 9 19 0 0 32 10 21 8 24 0 35 30 18 0 1 2 28 23 22 11 12 15 4 	1271.0	1529.0	1285	33
26 34 16 29 36 0 7 17 6 31 13 25 0 14 20 3 5 33 9 19 0 0 32 10 21 8 24 0 35 30 18 0 1 2 28 23 22 11 12 15 4 	1271.0	1727.0	1286	54
26 34 16 29 36 0 7 17 25 13 31 6 0 14 20 3 5 33 9 19 0 0 32 12 11 22 23 28 2 1 18 0 30 35 0 24 8 21 10 15 4 	1263.0	1700.0	1296	80
26 34 16 29 36 0 7 17 25 13 31 6 0 14 20 3 5 33 9 19 0 0 32 12 11 22 23 28 2 1 18 0 30 35 0 24 8 21 10 15 4 	1263.0	1735.0	1292	82
26 34 16 29 36 0 7 17 25 13 31 6 0 14 20 3 5 33 9 19 0 0 32 12 11 22 23 28 2 1 18 0 30 35 0 24 8 21 10 15 4 	1263.0	1779.0	1296	89
26 34 16 29 36 0 7 17 25 13 31 6 0 14 20 3 5 33 9 19 0 0 32 12 11 22 23 28 2 1 18 0 30 35 0 24 8 21 10 15 4 	1263.0	1830.0	1322	121
26 34 16 29 36 0 7 17 25 13 31 6 0 14 20 3 5 33 9 19 0 0 32 12 11 22 23 28 2 1 18 0 30 35 0 24 8 21 10 15 4 	1263.0	1762.0	1318	104
26 34 16 29 36 0 7 17 25 13 31 6 0 14 20 3 5 33 9 19 0 0 32 12 11 22 23 28 2 1 18 0 30 35 0 24 8 21 10 15 4 	1263.0	1678.0	1285	80
26 34 16 29 36 0 7 17 25 13 31 6 0 14 20 3 5 33 9 19 0 0 32 12 11 22 23 28 2 1 18 0 30 35 0 24 8 21 10 15 4 	1263.0	1567.0	1279	50
26 34 16 29 36 0 7 17 25 13 31 6 0 14 20 3 5 33 9 19 0 0 32 12 11 22 23 28 2 1 18 0 30 35 0 24 8 21 10 15 4 	1263.0	1599.0	1283	58
26 34 16 29 36 0 7 17 25 13 31 6 0 14 20 3 5 33 9 19 0 0 32 12 11 22 23 28 2 1 18 0 30 35 0 24 8 21 10 15 4 	1263.0	1590.0	1289	73
26 34 16 29 36 0 7 17 25 13 31 6 0 14 20 3 5 33 9 19 0 0 32 12 11 22 23 28 2 1 18 0 30 35 0 24 8 21 10 15 4 	1263.0	1753.0	1285	75
26 34 16 29 36 0 7 17 25 13 31 6 0 14 20 3 5 33 9 19 0 0 32 12 11 22 23 28 2 1 18 0 30 35 0 24 8 21 10 15 4 	1263.0	1669.0	1288	68
26 34 16 29 36 0 7 17 25 13 31 6 0 14 20 3 5 33 9 19 0 0 32 12 11 22 23 28 2 1 18 0 30 35 0 24 8 21 10 15 4 	1263.0	1621.0	1277	53
26 34 16 29 36 0 7 17 25 13 31 6 0 14 20 3 5 33 9 19 0 0 32 12 11 22 23 28 2 1 18 0 30 35 0 24 8 21 10 15 4 	1263.0	1560.0	1283	65
26 34 16 29 36 0 7 17 25 13 31 6 0 14 20 3 5 33 9 19 0 0 32 12 11 22 23 28 2 1 18 0 30 35 0 24 8 21 10 15 4 	1263.0	1518.0	1275	46
26 34 16 29 36 0 7 17 25 13 31 6 0 14 20 3 5 33 9 19 0 0 32 12 11 22 23 28 2 1 18 0 30 35 0 24 8 21 10 15 4 	1263.0	1476.0	1278	46
26 31 13 25 17 7 0 36 29 16 34 6 0 14 20 3 5 33 9 19 0 0 32 12 11 22 23 28 2 1 18 0 30 35 0 24 8 21 10 15 4 	1260.0	1624.0	1284	64
26 31 13 25 17 7 0 36 29 16 34 6 0 14 20 3 5 33 9 19 0 0 32 12 11 22 23 28 2 1 18 0 30 35 0 24 8 21 10 15 4 	1260.0	1449.0	1276	41
26 31 13 25 17 7 0 36 29 16 34 6 0 14 20 3 5 33 9 19 0 0 32 12 11 22 23 28 2 1 18 0 30 35 0 24 8 21 10 15 4 	1260.0	1574.0	1295	72
26 31 13 25 17 7 0 36 29 16 34 6 0 14 20 3 5 33 9 19 0 0 32 12 11 22 23 28 2 1 18 0 30 35 0 24 8 21 10 15 4 	1260.0	1727.0	1278	66
26 31 13 25 17 7 0 36 29 16 34 6 0 14 20 3 5 33 9 19 0 0 32 12 11 22 23 28 2 1 18 0 30 35 0 24 8 21 10 15 4 	1260.0	1607.0	1273	50
26 31 13 25 17 7 0 36 29 16 34 6 0 14 20 3 5 33 9 19 0 0 32 12 11 22 23 28 2 1 18 0 30 35 0 24 8 21 10 15 4 	1260.0	1599.0	1292	79
26 31 13 25 17 7 0 36 29 16 34 6 0 14 20 3 5 33 9 19 0 0 32 12 11 22 23 28 2 1 18 0 30 35 0 24 8 21 10 15 4 	1260.0	1599.0	1275	57
26 31 13 25 17 7 0 36 29 16 34 6 0 14 20 3 5 33 9 19 0 0 32 12 11 22 23 28 2 1 18 0 30 35 0 24 8 21 10 15 4 	1260.0	1517.0	1280	59
26 31 13 25 17 7 0 36 29 16 34 6 0 14 20 3 5 33 9 19 0 0 32 12 11 22 23 28 2 1 18 0 30 35 0 24 8 21 10 15 4 	1260.0	1489.0	1276	46
26 31 13 25 17 7 0 36 29 16 34 6 0 14 20 3 5 33 9 19 0 0 32 12 11 22 23 28 2 1 18 0 30 35 0 24 8 21 10 15 4 	1260.0	1654.0	1279	63
26 31 13 25 17 7 0 36 29 16 34 6 0 14 20 3 5 33 9 19 0 0 32 11 12 22 23 28 2 1 18 0 30 35 0 24 8 21 10 15 4 	1236.0	1571.0	1272	53
26 31 13 25 17 7 0 36 29 16 34 6 0 14 20 3 5 33 9 19 0 0 32 11 12 22 23 28 2 1 18 0 30 35 0 24 8 21 10 15 4 	1236.0	1601.0	1283	75
26 31 13 25 17 7 0 36 29 16 34 6 0 14 20 3 5 33 9 19 0 0 32 11 12 22 23 28 2 1 18 0 30 35 0 24 8 21 10 15 4 	1236.0	1447.0	1261	25
26 31 13 25 17 7 0 36 29 16 34 6 0 19 9 33 5 3 20 14 0 0 32 11 12 22 23 28 2 1 18 0 30 35 0 24 8 21 10 15 4 	1236.0	1595.0	1255	47
26 31 13 25 17 7 0 36 29 16 34 6 0 14 20 3 5 33 9 19 0 0 32 11 12 22 23 28 2 1 18 0 30 35 0 24 8 21 10 15 4 	1236.0	1559.0	1258	63
26 31 13 25 17 7 0 36 29 16 34 6 0 14 20 3 5 33 9 19 0 0 32 11 12 22 23 28 2 1 18 0 30 35 0 24 8 21 10 15 4 	1236.0	1560.0	1261	67
17 25 13 31 26 7 0 36 29 16 34 6 0 14 20 3 5 33 9 19 0 0 32 11 12 22 23 28 2 1 18 0 30 35 0 24 8 21 10 15 4 	1232.0	1595.0	1263	69
26 9 33 5 3 20 14 0 6 34 16 29 36 0 7 17 25 13 31 19 0 0 32 11 12 22 23 28 2 1 18 0 30 35 0 24 8 21 10 15 4 	1214.0	1491.0	1249	46
26 9 33 5 3 20 14 0 6 34 16 29 36 0 7 17 25 13 31 19 0 0 32 11 12 22 23 28 2 1 18 0 30 35 0 24 8 21 10 15 4 	1214.0	1514.0	1253	58
26 9 33 5 3 20 14 0 6 34 16 29 36 0 7 17 25 13 31 19 0 0 32 11 12 22 23 28 2 1 18 0 30 35 0 24 8 21 10 15 4 	1214.0	1599.0	1261	77
26 9 33 5 3 20 14 0 6 34 16 29 36 0 7 17 25 13 31 19 0 0 32 11 12 22 23 28 2 1 18 0 30 35 0 24 8 21 10 15 4 	1214.0	1551.0	1256	78
26 9 33 5 3 20 14 0 6 34 16 29 36 0 7 17 25 13 31 19 0 0 32 11 12 22 23 28 2 1 18 0 30 35 0 24 8 21 10 15 4 	1214.0	1548.0	1233	56
26 9 33 5 3 20 14 0 6 34 16 29 36 0 7 17 25 13 31 19 0 0 32 11 12 22 23 28 2 1 18 0 30 35 0 24 8 21 10 15 4 	1214.0	1593.0	1231	60
26 9 33 5 3 20 14 0 6 34 16 29 36 0 7 17 25 13 31 19 0 0 32 11 12 22 23 28 2 1 18 0 30 35 0 24 8 21 10 15 4 	1214.0	1396.0	1222	30
26 9 33 5 3 20 14 0 6 34 16 29 36 0 7 17 25 13 31 19 0 0 32 11 12 22 23 28 2 1 18 0 30 35 0 24 8 21 10 15 4 	1214.0	1384.0	1224	34
26 9 33 5 3 20 14 0 6 34 19 31 13 25 0 17 7 36 29 16 0 0 32 11 12 22 23 28 2 1 18 0 30 35 0 24 8 21 10 15 4 	1199.0	1496.0	1228	51
26 9 33 5 3 20 14 0 6 34 19 31 13 25 0 17 7 36 29 16 0 0 32 11 12 22 23 28 2 1 18 0 30 35 0 24 8 21 10 15 4 	1199.0	1426.0	1228	49
26 9 33 5 3 20 14 0 6 34 19 31 13 25 0 17 7 36 29 16 0 0 32 11 12 22 23 28 2 1 18 0 30 35 0 24 8 21 10 15 4 	1199.0	1453.0	1221	34
26 9 33 5 3 20 14 0 6 34 19 31 13 25 0 17 7 36 29 16 0 0 32 11 12 22 23 28 2 1 18 0 30 35 0 24 8 21 10 15 4 	1199.0	1533.0	1232	63
26 9 33 5 3 20 14 0 6 34 19 31 13 25 0 17 7 36 29 16 0 0 32 11 12 22 23 28 2 1 18 0 30 35 0 24 8 21 10 15 4 	1199.0	1622.0	1239	93
26 9 33 5 3 20 14 0 6 34 19 31 13 25 0 17 29 36 7 16 0 0 32 11 12 22 23 28 2 1 18 0 30 35 0 24 8 21 10 15 4 	1192.0	1706.0	1218	69
26 9 33 5 3 20 14 0 6 34 19 31 13 25 0 18 1 2 28 23 22 12 11 32 0 0 16 7 36 29 17 0 30 35 0 24 8 21 10 15 4 	1192.0	1450.0	1211	42
26 9 33 5 3 20 14 0 6 34 19 31 13 25 0 16 7 36 29 17 0 0 32 11 12 22 23 28 2 1 18 0 30 35 0 24 8 21 10 15 4 	1192.0	1472.0	1208	44
26 9 33 5 3 20 14 0 6 34 19 31 29 0 36 7 16 25 13 17 0 0 32 11 12 22 23 28 2 1 18 0 30 35 0 24 8 21 10 15 4 	1186.0	1757.0	1235	107
26 9 33 5 3 20 14 0 6 34 19 31 29 0 36 7 16 25 13 17 0 0 32 11 12 22 23 28 2 1 18 0 30 35 0 24 8 21 10 15 4 	1186.0	1572.0	1229	82
26 9 33 5 3 20 14 0 6 34 19 31 29 0 36 7 16 25 13 17 0 0 32 11 12 22 23 28 2 1 18 0 30 35 0 24 8 21 10 15 4 	1186.0	1574.0	1212	67
26 9 33 5 3 20 14 0 6 34 19 31 29 0 36 7 16 25 13 17 0 0 32 11 12 22 23 28 2 1 18 0 30 35 0 24 8 21 10 15 4 	1186.0	1454.0	1200	41
26 9 33 5 3 20 14 0 6 34 19 31 29 0 36 7 16 25 13 17 0 0 32 11 12 22 23 28 2 1 18 0 30 35 0 24 8 21 10 15 4 	1186.0	1434.0	1203	50
26 9 33 5 3 20 14 0 6 34 19 31 29 0 36 16 7 25 13 17 0 0 32 11 12 22 23 28 2 1 18 0 30 35 0 24 8 21 10 15 4 	1186.0	1459.0	1202	47
26 9 33 5 3 20 14 0 31 19 34 6 29 0 36 7 16 25 13 17 0 0 32 11 12 22 23 28 2 1 18 0 30 35 0 24 8 21 10 15 4 	1180.0	1377.0	1199	36
26 9 33 5 3 20 14 0 6 34 19 31 29 0 36 17 13 25 16 7 0 0 32 11 12 22 23 28 2 1 18 0 30 35 0 24 8 21 10 15 4 	1178.0	1489.0	1196	44
