19 2 33 1 23 32 22 28 25 0 15 17 12 20 6 14 21 0 34 31 10 11 16 0 35 18 24 0 13 4 5 9 3 29 0 36 7 27 30 26 0 8 	1833.0	2584.0	2225	1169
19 2 33 1 23 32 22 28 12 0 15 17 35 0 20 6 14 21 34 31 0 10 11 16 4 18 24 0 13 26 5 9 3 0 29 36 7 27 30 25 0 8 	1714.0	2418.0	2095	138
19 2 33 1 23 15 22 28 12 4 0 17 35 20 0 6 14 21 34 31 0 10 11 16 7 18 24 0 13 26 5 9 3 0 0 29 32 27 30 25 8 	1654.0	2342.0	1997	132
19 2 33 1 23 32 22 28 0 0 15 17 35 0 20 6 14 16 11 10 0 31 34 21 4 18 24 0 13 26 5 9 3 0 29 36 7 27 30 25 0 8 	1653.0	2307.0	1928	138
19 2 33 1 23 15 22 28 12 4 0 17 35 20 0 6 14 21 34 31 0 10 11 16 7 18 24 0 13 26 5 9 3 0 29 36 0 27 30 25 8 	1623.0	2269.0	1871	141
19 2 33 1 23 15 22 28 12 7 0 10 11 16 14 6 20 0 35 17 0 31 34 21 4 18 24 0 13 26 5 9 3 0 0 29 32 27 30 25 8 	1619.0	2228.0	1751	109
19 2 33 1 23 15 22 28 12 0 13 17 26 20 6 14 0 21 34 31 10 11 0 16 35 18 0 24 29 4 5 9 3 0 8 36 7 27 30 25 0 	1569.0	1962.0	1682	67
19 2 33 1 23 15 22 28 12 7 0 17 26 20 6 14 21 0 34 31 10 11 16 0 35 18 24 0 13 4 5 9 3 8 0 36 0 27 30 25 29 	1566.0	1926.0	1655	64
19 2 33 1 23 15 22 28 12 0 13 17 26 20 6 14 0 21 34 31 10 11 0 16 35 18 0 24 8 4 5 9 3 0 29 36 7 27 30 25 0 	1544.0	1972.0	1627	60
19 22 15 23 1 33 2 28 12 0 13 17 26 20 6 14 0 21 34 31 10 11 0 16 35 18 0 24 7 4 5 9 3 0 29 36 0 27 30 25 8 	1535.0	1880.0	1609	74
19 15 23 1 33 2 22 28 12 0 13 17 26 20 6 14 0 21 34 31 10 11 0 16 35 18 0 24 8 4 5 9 3 0 29 36 0 27 30 25 7 	1542.0	1906.0	1581	69
19 2 33 1 23 28 22 15 12 0 13 17 26 20 6 14 0 21 34 31 10 11 0 16 35 18 0 24 7 4 5 9 3 0 29 36 0 27 30 25 8 	1509.0	1816.0	1560	45
19 2 33 1 23 28 22 15 12 0 13 17 26 20 6 14 0 21 34 31 10 11 0 16 35 18 0 24 7 4 5 9 3 0 29 36 0 27 30 25 8 	1509.0	1896.0	1574	83
19 2 33 1 23 28 22 15 12 0 13 17 26 20 6 14 0 21 34 31 10 11 0 16 35 18 0 24 8 4 5 9 3 0 29 36 0 27 30 25 7 	1501.0	1911.0	1576	83
19 2 33 1 23 28 22 15 12 0 13 17 26 20 6 14 0 21 34 31 10 11 0 16 35 18 0 24 8 4 5 9 3 0 29 36 0 27 30 25 7 	1501.0	1819.0	1547	54
19 2 33 1 23 28 22 15 12 0 13 17 26 20 6 14 0 21 34 31 10 11 0 16 35 18 0 24 0 4 8 9 3 5 0 36 29 27 30 25 7 	1436.0	1816.0	1532	70
19 2 33 1 23 28 22 15 12 0 13 17 26 20 6 14 0 11 10 31 34 21 0 16 35 18 0 24 0 4 8 9 3 5 0 36 29 27 30 25 7 	1436.0	1844.0	1521	72
19 2 33 1 23 28 22 15 12 0 13 17 26 20 6 14 0 21 34 31 10 11 0 16 35 18 0 24 0 4 8 9 3 5 0 36 29 27 30 25 7 	1436.0	1811.0	1510	62
19 2 33 1 23 28 22 15 12 0 13 17 26 20 6 14 0 21 34 31 10 11 0 16 35 18 0 24 0 4 5 9 3 8 0 36 29 27 30 25 7 	1425.0	1763.0	1481	62
19 2 33 1 23 28 22 15 12 0 13 17 26 20 6 14 0 21 34 31 10 11 0 16 35 18 0 24 0 4 5 9 3 8 0 36 29 27 30 25 7 	1425.0	1734.0	1452	47
19 2 33 1 15 22 28 23 12 0 13 17 26 20 6 14 0 21 34 31 10 11 0 16 35 18 0 24 0 4 5 9 3 8 0 36 29 27 30 25 7 	1420.0	1733.0	1455	58
19 2 33 1 15 22 28 23 12 0 13 17 26 20 6 14 0 21 34 31 10 11 0 16 35 18 0 24 0 4 5 9 3 8 0 36 29 27 30 25 7 	1420.0	1752.0	1442	62
19 2 33 1 23 28 22 15 12 0 13 17 31 34 21 0 14 6 20 26 10 11 0 16 35 18 0 24 0 4 5 9 3 8 0 36 29 27 30 25 7 	1387.0	1666.0	1427	32
19 2 33 1 15 22 28 23 12 0 13 17 31 34 21 0 14 6 20 26 10 11 0 16 35 18 0 24 0 4 5 9 3 8 0 36 29 27 30 25 7 	1381.0	1817.0	1447	77
19 2 33 1 23 28 22 15 12 0 13 17 31 34 21 0 14 6 20 26 10 11 0 16 35 18 0 24 0 4 9 5 3 8 0 36 29 27 30 25 7 	1355.0	1728.0	1424	52
19 2 33 1 15 22 28 23 12 0 13 17 31 34 21 0 14 6 20 26 10 11 0 16 35 18 0 24 0 4 9 5 3 8 0 36 29 27 30 25 7 	1349.0	1819.0	1439	110
19 2 33 1 15 22 28 23 12 0 13 17 31 20 6 14 0 21 34 26 10 11 0 16 35 18 0 24 0 4 9 5 3 8 0 36 29 27 30 25 7 	1347.0	1673.0	1382	40
19 2 33 1 15 22 28 23 12 0 13 17 31 20 6 14 0 21 34 26 10 11 0 16 35 18 0 24 0 4 9 5 3 8 0 36 29 27 30 25 7 	1347.0	1823.0	1379	82
19 2 33 1 15 12 23 28 22 0 13 17 31 34 21 0 14 6 20 26 10 11 0 16 35 18 0 24 0 4 9 5 3 8 0 36 29 27 30 25 7 	1341.0	1609.0	1363	42
19 2 33 1 15 12 23 28 22 0 13 17 31 34 21 0 14 6 20 26 10 11 0 16 35 18 0 24 0 4 9 5 3 8 0 36 29 27 30 25 7 	1341.0	1632.0	1355	35
19 2 33 1 15 27 29 0 36 8 3 5 9 4 0 0 24 18 35 0 16 11 10 26 20 6 0 14 21 34 31 17 0 13 12 23 28 22 30 25 7 	1314.0	1507.0	1356	32
19 2 33 1 15 27 29 0 36 8 3 5 9 4 0 0 24 18 35 0 16 11 10 26 20 6 0 14 21 34 31 17 0 13 12 23 28 22 30 25 7 	1314.0	1766.0	1373	78
19 2 33 1 15 27 29 0 36 8 3 5 9 4 0 0 24 18 35 0 16 11 10 26 20 6 0 14 21 34 31 17 0 13 12 23 28 22 30 25 7 	1314.0	1773.0	1415	130
19 2 33 1 15 27 29 0 36 8 3 5 9 4 0 0 24 18 35 0 16 11 10 26 20 6 0 14 31 34 21 17 0 13 12 23 28 22 30 25 7 	1313.0	1802.0	1383	123
19 2 33 1 15 27 29 0 36 8 3 5 9 4 0 0 24 18 35 0 16 11 10 26 20 6 0 14 31 34 21 17 0 13 12 23 28 22 30 25 7 	1313.0	1651.0	1336	66
19 2 33 1 15 27 29 0 36 8 3 5 9 4 0 0 24 18 35 0 16 11 10 26 20 6 0 14 31 34 21 17 0 13 12 23 28 22 30 25 7 	1313.0	1627.0	1331	60
19 2 33 1 15 27 29 0 36 8 3 5 9 4 0 0 24 35 18 0 16 11 10 26 20 6 0 14 21 34 31 17 0 13 12 23 28 22 30 25 7 	1304.0	1638.0	1328	54
19 2 33 1 15 27 29 0 36 8 3 5 9 4 0 0 24 35 18 0 16 11 10 26 20 6 0 14 31 34 21 17 0 13 12 23 28 22 30 25 7 	1303.0	1440.0	1316	18
19 2 33 1 15 27 29 0 36 8 3 5 9 4 0 0 24 35 18 0 16 11 10 26 20 6 0 14 31 34 21 17 0 13 12 23 28 22 30 25 7 	1303.0	1642.0	1322	46
19 2 33 1 15 27 29 0 36 8 3 5 9 4 0 0 24 35 18 0 16 11 10 26 20 6 0 14 13 17 31 34 0 21 12 23 28 22 30 25 7 	1284.0	1597.0	1320	41
19 2 33 1 15 27 29 0 36 8 3 5 9 4 0 0 24 35 18 0 16 11 10 26 20 6 0 14 13 17 31 34 0 21 12 23 28 22 30 25 7 	1284.0	1887.0	1322	76
19 2 33 1 15 27 29 0 36 8 3 5 9 4 0 0 24 35 18 0 16 11 10 26 20 6 0 14 13 17 31 34 0 21 12 23 28 22 30 25 7 	1284.0	1696.0	1309	59
19 2 33 1 15 27 29 0 36 8 3 5 9 4 0 0 24 35 18 0 16 11 10 26 20 6 0 14 13 17 31 34 0 21 12 23 28 22 30 25 7 	1284.0	1604.0	1303	59
19 1 33 2 15 27 29 0 36 8 3 5 9 4 0 0 24 35 18 0 16 11 10 26 20 6 0 14 13 17 31 34 0 21 12 23 28 22 30 25 7 	1260.0	1628.0	1299	56
19 1 33 2 15 27 29 0 36 8 3 5 9 4 0 0 24 35 18 0 16 11 10 26 20 6 0 14 13 17 31 34 0 21 12 23 28 22 30 25 7 	1260.0	1606.0	1307	73
19 1 33 2 15 27 29 0 36 8 3 5 9 4 0 0 24 35 18 0 16 11 10 26 20 6 0 14 13 17 31 34 0 21 12 23 28 22 30 25 7 	1260.0	1553.0	1295	49
19 1 33 2 15 27 29 0 36 8 3 5 9 4 0 0 24 35 18 0 16 11 10 26 20 6 0 14 13 17 31 34 0 21 12 23 28 22 30 25 7 	1260.0	1638.0	1300	80
19 1 33 2 15 27 29 0 36 8 3 5 9 4 0 0 24 35 18 0 16 11 10 26 20 6 0 14 13 17 31 34 0 21 12 23 28 22 30 25 7 	1260.0	1558.0	1278	51
19 1 33 2 15 27 29 0 36 8 3 5 9 4 0 0 24 35 18 0 16 11 10 26 20 6 0 14 13 17 31 34 0 21 12 23 28 22 30 25 7 	1260.0	1629.0	1272	52
19 1 33 2 15 27 29 0 36 8 3 5 9 4 0 0 24 35 18 0 16 11 10 26 20 6 0 14 13 17 31 34 0 21 12 23 28 22 30 25 7 	1260.0	1508.0	1281	56
19 1 33 2 15 27 29 0 36 8 3 5 9 4 0 0 24 35 18 0 16 11 10 26 20 6 0 14 13 17 31 34 0 21 12 23 28 22 30 25 7 	1260.0	1523.0	1272	43
19 1 33 2 15 27 29 0 36 8 3 5 9 4 0 0 24 35 18 0 16 11 10 26 20 6 0 14 13 17 31 34 0 21 12 23 28 22 30 25 7 	1260.0	1628.0	1279	64
19 1 33 2 15 27 29 0 36 8 3 5 9 4 0 0 24 35 18 0 16 11 10 26 20 6 0 14 13 17 31 34 0 21 12 23 28 22 30 25 7 	1260.0	1511.0	1272	41
19 1 33 2 15 27 29 0 36 8 3 5 9 4 0 0 24 35 0 34 31 17 13 14 0 6 20 26 10 11 16 0 18 21 12 23 28 22 30 25 7 	1245.0	1739.0	1276	73
19 1 33 2 15 27 29 0 36 8 3 5 9 4 0 0 24 35 0 34 31 17 13 14 0 6 20 26 10 11 16 0 18 21 12 23 28 22 30 25 7 	1245.0	1521.0	1272	42
19 1 33 2 15 27 29 0 36 8 3 5 9 4 0 0 24 35 0 34 31 17 13 14 0 6 20 26 10 11 16 0 18 21 12 23 28 22 30 25 7 	1245.0	1604.0	1290	81
19 1 33 2 15 27 29 0 36 8 3 5 9 4 0 0 24 35 0 34 31 17 13 14 0 6 20 26 10 11 16 0 18 21 12 23 28 22 30 25 7 	1245.0	1690.0	1293	86
19 1 33 2 15 27 29 0 36 8 3 5 9 4 0 0 24 35 0 34 31 17 13 14 0 6 20 26 10 11 16 0 18 21 12 23 28 22 30 25 7 	1245.0	1533.0	1281	74
19 1 33 2 15 27 29 0 36 8 3 5 9 4 0 0 24 35 0 34 31 17 13 14 0 6 20 26 10 11 16 0 18 21 12 23 28 22 30 25 7 	1245.0	1581.0	1271	71
19 1 33 2 15 27 29 0 36 8 3 5 9 4 0 0 24 35 0 34 31 17 13 14 0 6 20 26 10 11 16 0 18 21 12 23 28 22 30 25 7 	1245.0	1586.0	1262	59
19 1 33 2 15 27 29 0 36 8 3 5 9 4 0 0 24 35 0 34 31 17 13 14 0 6 20 26 10 11 16 0 18 21 12 23 28 22 30 25 7 	1245.0	1626.0	1257	48
19 1 33 2 15 27 29 0 36 8 3 5 9 4 0 0 24 35 0 34 31 17 13 14 0 6 20 26 10 11 16 0 18 21 12 23 28 22 30 25 7 	1245.0	1620.0	1263	61
19 1 33 2 15 27 29 0 36 8 3 5 9 4 0 0 24 35 0 34 31 17 13 14 0 6 20 26 10 11 16 0 18 21 12 23 28 22 30 25 7 	1245.0	1643.0	1259	60
19 1 33 2 15 27 29 0 36 8 3 5 9 4 0 0 24 35 0 34 31 17 13 14 0 6 20 26 10 11 16 0 18 21 12 23 28 22 30 25 7 	1245.0	1600.0	1253	42
19 1 33 5 3 8 36 0 29 27 15 2 9 4 0 0 24 35 0 34 31 17 13 14 0 6 20 26 10 11 16 0 18 21 12 23 28 22 30 25 7 	1233.0	1618.0	1262	69
19 5 3 8 36 29 0 27 15 2 33 1 9 4 0 0 24 35 0 34 31 17 13 14 0 6 20 26 10 11 16 0 18 21 12 23 28 22 30 25 7 	1234.0	1573.0	1267	73
19 1 3 8 36 29 0 27 15 2 33 5 9 4 0 0 24 35 0 34 31 17 13 14 0 6 20 26 10 11 16 0 18 21 12 23 28 22 30 25 7 	1223.0	1921.0	1277	101
19 1 3 8 36 29 0 27 15 2 33 5 9 4 0 0 24 35 0 34 31 17 13 14 0 6 20 26 10 11 16 0 18 21 12 23 28 22 30 25 7 	1223.0	1641.0	1264	71
19 1 3 8 36 29 0 27 15 2 33 5 9 4 0 0 24 35 0 34 31 17 13 14 0 6 20 26 10 11 16 0 18 21 12 23 28 22 30 25 7 	1223.0	1596.0	1245	50
19 1 3 8 36 29 0 27 15 2 33 5 9 4 0 0 24 35 0 34 31 17 13 14 0 6 20 26 10 11 16 0 18 21 12 23 28 22 30 25 7 	1223.0	1631.0	1236	47
19 1 3 8 36 29 0 27 15 2 33 5 9 4 0 0 24 35 0 34 31 17 13 14 0 6 20 26 10 11 16 0 18 21 12 23 28 22 30 25 7 	1223.0	1578.0	1254	71
19 1 3 8 36 29 0 27 15 2 33 5 9 4 0 0 24 35 0 34 31 17 13 14 0 6 20 26 10 11 16 0 18 21 12 23 28 22 30 25 7 	1223.0	1573.0	1239	62
19 1 3 8 36 29 0 27 15 2 33 5 9 4 0 0 24 35 0 34 31 17 13 14 0 6 20 26 10 11 16 0 18 21 12 23 28 22 30 25 7 	1223.0	1569.0	1242	67
19 1 3 8 36 29 0 27 15 2 33 5 9 4 0 0 24 35 0 34 31 17 13 14 0 6 20 26 10 11 16 0 18 21 12 23 28 22 30 25 7 	1223.0	1603.0	1250	87
19 1 3 8 36 29 0 27 15 2 33 5 9 4 0 0 24 35 0 34 31 17 13 14 0 6 20 26 10 11 16 0 18 21 12 23 28 22 30 25 7 	1223.0	1602.0	1245	73
19 1 3 8 36 29 0 27 15 2 33 5 9 4 0 0 24 35 0 34 31 17 13 14 0 6 20 26 10 11 16 0 18 21 12 23 28 22 30 25 7 	1223.0	1496.0	1237	46
19 1 3 8 36 29 0 27 15 2 33 5 9 4 0 0 24 30 22 28 23 12 21 18 0 16 11 10 26 20 6 0 14 13 17 31 34 0 35 25 7 	1216.0	1576.0	1238	60
19 1 3 8 36 29 0 27 15 2 33 5 9 4 0 0 24 30 22 28 23 12 21 18 0 16 11 10 26 20 6 0 14 13 17 31 34 0 35 25 7 	1216.0	1719.0	1254	90
19 1 3 8 36 29 0 27 15 2 33 5 9 4 0 0 24 30 22 28 23 12 21 18 0 16 11 10 26 20 6 0 14 13 17 31 34 0 35 25 7 	1216.0	1562.0	1265	95
19 1 3 8 36 29 0 27 15 2 33 5 9 4 0 0 24 30 22 28 23 12 21 18 0 16 11 10 26 20 6 0 14 13 17 31 34 0 35 25 7 	1216.0	1667.0	1282	110
19 1 3 8 36 29 0 27 15 2 33 5 9 4 0 0 24 30 22 28 23 12 21 18 0 16 11 10 26 20 6 0 14 13 17 31 34 0 35 25 7 	1216.0	1666.0	1237	71
19 1 3 8 36 29 0 27 15 2 33 5 9 4 0 0 24 30 22 28 23 12 21 18 0 16 11 10 26 20 6 0 14 13 17 31 34 0 35 25 7 	1216.0	1799.0	1243	89
19 1 3 8 36 29 0 27 15 2 33 5 9 4 0 0 24 30 22 28 23 12 21 18 0 16 11 10 26 20 6 0 14 13 17 31 34 0 35 25 7 	1216.0	1665.0	1242	80
19 1 3 8 36 29 0 27 15 2 33 5 9 4 0 0 24 30 22 28 23 12 21 18 0 16 11 10 26 20 6 0 14 13 17 31 34 0 35 25 7 	1216.0	1571.0	1232	56
19 1 3 8 36 29 0 27 15 2 33 5 9 4 0 0 24 30 22 28 23 12 21 18 0 16 11 10 26 20 6 0 14 13 17 31 34 0 35 25 7 	1216.0	1785.0	1250	103
19 1 3 8 36 29 0 27 15 2 33 5 9 4 0 0 24 30 22 28 23 12 21 18 0 16 11 10 26 20 6 0 14 13 17 31 34 0 35 25 7 	1216.0	1636.0	1238	69
19 1 3 8 36 29 0 27 15 2 33 5 9 4 0 0 24 30 22 28 23 12 21 18 0 16 11 10 26 20 6 0 14 13 17 31 34 0 35 25 7 	1216.0	1622.0	1237	74
19 1 3 8 36 29 0 27 15 2 33 5 9 4 0 0 24 30 22 28 23 12 21 18 0 16 25 35 0 34 31 17 13 14 0 6 20 26 10 11 7 	1215.0	1674.0	1230	65
19 1 3 8 36 29 0 27 15 2 33 5 9 4 0 0 24 30 22 28 23 12 21 18 0 16 25 35 0 34 31 17 13 14 0 6 20 26 10 11 7 	1215.0	1705.0	1238	85
19 1 3 8 36 29 0 27 15 2 33 5 9 14 0 6 20 26 10 11 16 0 18 21 12 23 28 22 30 24 0 0 4 13 17 31 34 0 35 25 7 	1213.0	1698.0	1262	110
19 1 3 8 36 29 0 27 15 2 33 5 9 14 0 6 20 26 10 11 16 0 18 21 12 23 28 22 30 24 0 0 4 13 17 31 34 0 35 25 7 	1213.0	1545.0	1250	72
19 1 3 8 36 29 0 27 15 2 33 5 9 14 0 6 20 26 10 11 16 0 18 21 12 23 28 22 30 24 0 0 4 13 17 31 34 0 35 25 7 	1213.0	1786.0	1277	127
19 9 5 33 2 15 27 0 29 36 8 3 1 14 0 6 20 26 10 11 16 0 18 21 12 23 28 22 30 24 0 0 4 13 17 31 34 0 35 25 7 	1199.0	1663.0	1250	89
19 9 5 33 2 15 27 0 29 36 8 3 1 14 0 6 20 26 10 11 16 0 18 21 12 23 28 22 30 24 0 0 4 13 17 31 34 0 35 25 7 	1199.0	1560.0	1225	56
19 9 5 33 2 15 27 0 29 36 8 3 1 14 0 6 20 26 10 11 16 0 18 21 12 23 28 22 30 24 0 0 4 13 17 31 34 0 35 25 7 	1199.0	1655.0	1267	133
19 9 5 33 2 15 27 0 29 36 8 3 1 14 0 6 20 26 10 11 16 0 18 21 12 23 28 22 30 24 0 0 4 13 17 31 34 0 35 25 7 	1199.0	1460.0	1212	46
19 9 5 33 2 15 27 0 29 36 8 3 1 14 0 6 20 26 10 11 16 0 18 21 12 23 28 22 30 24 0 0 4 13 17 31 34 0 35 25 7 	1199.0	1537.0	1210	52
19 9 5 33 2 15 27 0 29 36 8 3 1 14 0 6 20 26 10 11 16 0 18 21 12 23 28 22 30 24 0 0 4 13 17 31 34 0 35 25 7 	1199.0	1640.0	1212	56
19 9 5 33 2 15 27 0 29 36 8 3 1 14 0 6 20 26 10 11 16 0 18 21 12 23 28 22 30 24 0 0 4 13 17 31 34 0 35 25 7 	1199.0	1524.0	1217	65
19 9 5 33 2 15 27 0 29 36 8 3 1 14 0 6 20 26 10 11 16 0 18 21 12 23 28 22 30 24 0 0 4 13 17 31 34 0 35 25 7 	1199.0	1607.0	1217	69
19 9 5 33 2 15 27 0 29 36 8 3 1 14 0 6 20 26 10 11 16 0 18 21 12 23 28 22 30 24 0 0 4 13 17 31 34 0 35 25 7 	1199.0	1575.0	1222	71
